0.000002,100
0.000002,1007
0.000002,1008
0.000002,101
0.000002,1012
0.000002,1013
0.000002,1015
0.000002,1017
0.000002,1019
0.000002,1025
0.000002,1029
0.000002,1039
0.000002,104
0.000002,106
0.000002,1061
0.000002,1068
0.000002,1074
0.000002,1076
0.000002,1078
0.000002,108
0.000002,1082
0.000002,1097
0.000002,1099
0.000002,112
0.000002,1121
0.000002,1127
0.000002,1132
0.000002,1133
0.000002,1143
0.000002,1152
0.000002,1153
0.000002,1165
0.000002,1167
0.000002,1168
0.000002,1169
0.000002,117
0.000002,1177
0.000002,118
0.000002,1181
0.000002,1182
0.000002,1187
0.000002,119
0.000002,1192
0.000002,1197
0.000002,1199
0.000002,120
0.000002,1201
0.000002,1204
0.000002,1210
0.000002,1214
0.000002,1217
0.000002,1221
0.000002,1223
0.000002,1235
0.000002,1236
0.000002,124
0.000002,1259
0.000002,126
0.000002,1260
0.000002,1261
0.000002,1273
0.000002,128
0.000002,1290
0.000002,1291
0.000002,1296
0.000002,1299
0.000002,130
0.000002,1302
0.000002,131
0.000002,1312
0.000002,1313
0.000002,1314
0.000002,132
0.000002,1324
0.000002,1329
0.000002,133
0.000002,1330
0.000002,1336
0.000002,134
0.000002,1346
0.000002,136
0.000002,1360
0.000002,1365
0.000002,1373
0.000002,1375
0.000002,1376
0.000002,138
0.000002,1386
0.000002,1391
0.000002,1394
0.000002,1397
0.000002,1399
0.000002,140
0.000002,1401
0.000002,1415
0.000002,142
0.000002,1427
0.000002,1429
0.000002,1431
0.000002,1438
0.000002,1439
0.000002,144
0.000002,1440
0.000002,145
0.000002,1453
0.000002,1454
0.000002,1457
0.000002,147
0.000002,1470
0.000002,1477
0.000002,148
0.000002,149
0.000002,1499
0.000002,15
0.000002,150
0.000002,1501
0.000002,1503
0.000002,1504
0.000002,152
0.000002,1527
0.000002,153
0.000002,1538
0.000002,1539
0.000002,154
0.000002,1544
0.000002,1545
0.000002,156
0.000002,1561
0.000002,1564
0.000002,1569
0.000002,157
0.000002,1574
0.000002,1580
0.000002,1581
0.000002,1593
0.000002,1599
0.000002,16
0.000002,160
0.000002,1605
0.000002,1606
0.000002,1607
0.000002,1608
0.000002,161
0.000002,1610
0.000002,1613
0.000002,1615
0.000002,1616
0.000002,1618
0.000002,162
0.000002,1621
0.000002,1622
0.000002,163
0.000002,1634
0.000002,1635
0.000002,1640
0.000002,1646
0.000002,166
0.000002,1668
0.000002,167
0.000002,1670
0.000002,1672
0.000002,1673
0.000002,1674
0.000002,1675
0.000002,1676
0.000002,1678
0.000002,1680
0.000002,1682
0.000002,1683
0.000002,1684
0.000002,1685
0.000002,1687
0.000002,1688
0.000002,1689
0.000002,169
0.000002,1690
0.000002,1691
0.000002,1692
0.000002,1699
0.000002,17
0.000002,170
0.000002,1703
0.000002,1705
0.000002,1708
0.000002,1709
0.000002,1710
0.000002,1711
0.000002,1719
0.000002,1729
0.000002,173
0.000002,1739
0.000002,174
0.000002,1743
0.000002,1744
0.000002,1746
0.000002,175
0.000002,1751
0.000002,1754
0.000002,1756
0.000002,1758
0.000002,176
0.000002,1762
0.000002,1763
0.000002,1764
0.000002,1776
0.000002,178
0.000002,1785
0.000002,1789
0.000002,179
0.000002,1791
0.000002,1792
0.000002,1799
0.000002,18
0.000002,180
0.000002,1802
0.000002,1804
0.000002,1805
0.000002,181
0.000002,182
0.000002,1820
0.000002,1823
0.000002,1824
0.000002,183
0.000002,1839
0.000002,184
0.000002,1840
0.000002,1841
0.000002,1844
0.000002,1849
0.000002,185
0.000002,1857
0.000002,186
0.000002,1860
0.000002,1861
0.000002,1865
0.000002,187
0.000002,1879
0.000002,188
0.000002,1880
0.000002,1882
0.000002,1895
0.000002,1898
0.000002,1899
0.000002,191
0.000002,1917
0.000002,1919
0.000002,192
0.000002,1921
0.000002,1926
0.000002,1927
0.000002,193
0.000002,1931
0.000002,1934
0.000002,1935
0.000002,1936
0.000002,194
0.000002,1941
0.000002,1943
0.000002,1946
0.000002,1947
0.000002,195
0.000002,1956
0.000002,1957
0.000002,197
0.000002,1976
0.000002,198
0.000002,1986
0.000002,1989
0.000002,199
0.000002,1999
0.000002,200
0.000002,2000
0.000002,2009
0.000002,201
0.000002,2010
0.000002,202
0.000002,203
0.000002,2039
0.000002,204
0.000002,2041
0.000002,2042
0.000002,2043
0.000002,205
0.000002,2053
0.000002,2056
0.000002,2057
0.000002,2066
0.000002,207
0.000002,2075
0.000002,208
0.000002,2083
0.000002,209
0.000002,2090
0.000002,2092
0.000002,2097
0.000002,2099
0.000002,210
0.000002,2100
0.000002,2102
0.000002,2103
0.000002,2106
0.000002,2114
0.000002,2116
0.000002,212
0.000002,2120
0.000002,2122
0.000002,2124
0.000002,2127
0.000002,2129
0.000002,213
0.000002,2134
0.000002,2135
0.000002,214
0.000002,2143
0.000002,2146
0.000002,2148
0.000002,2149
0.000002,215
0.000002,2150
0.000002,2158
0.000002,2159
0.000002,2160
0.000002,2161
0.000002,2166
0.000002,217
0.000002,2170
0.000002,2179
0.000002,218
0.000002,2191
0.000002,2199
0.000002,2204
0.000002,2214
0.000002,2217
0.000002,2218
0.000002,222
0.000002,2221
0.000002,2226
0.000002,2229
0.000002,223
0.000002,2232
0.000002,2235
0.000002,2237
0.000002,224
0.000002,2241
0.000002,2242
0.000002,2249
0.000002,225
0.000002,2266
0.000002,2269
0.000002,227
0.000002,2270
0.000002,228
0.000002,229
0.000002,2293
0.000002,2294
0.000002,2299
0.000002,230
0.000002,231
0.000002,2310
0.000002,2318
0.000002,2319
0.000002,232
0.000002,2321
0.000002,2322
0.000002,2323
0.000002,2329
0.000002,233
0.000002,2337
0.000002,234
0.000002,2340
0.000002,2345
0.000002,2351
0.000002,2352
0.000002,2353
0.000002,236
0.000002,2360
0.000002,2361
0.000002,2363
0.000002,2366
0.000002,237
0.000002,2378
0.000002,2383
0.000002,239
0.000002,2391
0.000002,2398
0.000002,2399
0.000002,240
0.000002,241
0.000002,2417
0.000002,242
0.000002,2438
0.000002,244
0.000002,2442
0.000002,2443
0.000002,2448
0.000002,245
0.000002,2454
0.000002,2456
0.000002,2457
0.000002,246
0.000002,2479
0.000002,248
0.000002,2485
0.000002,249
0.000002,2490
0.000002,2498
0.000002,2499
0.000002,25
0.000002,250
0.000002,2503
0.000002,251
0.000002,2517
0.000002,2519
0.000002,252
0.000002,2520
0.000002,2523
0.000002,2524
0.000002,253
0.000002,2540
0.000002,2549
0.000002,2551
0.000002,2552
0.000002,256
0.000002,2561
0.000002,2562
0.000002,2563
0.000002,257
0.000002,258
0.000002,2583
0.000002,2584
0.000002,2588
0.000002,2589
0.000002,259
0.000002,2594
0.000002,2599
0.000002,26
0.000002,260
0.000002,2604
0.000002,2605
0.000002,261
0.000002,262
0.000002,2620
0.000002,2626
0.000002,2628
0.000002,263
0.000002,2636
0.000002,2645
0.000002,2649
0.000002,266
0.000002,2664
0.000002,267
0.000002,2677
0.000002,268
0.000002,2682
0.000002,2688
0.000002,2690
0.000002,2691
0.000002,2692
0.000002,2695
0.000002,2699
0.000002,27
0.000002,270
0.000002,2700
0.000002,2701
0.000002,2708
0.000002,271
0.000002,2713
0.000002,2721
0.000002,2728
0.000002,2729
0.000002,2735
0.000002,274
0.000002,2742
0.000002,275
0.000002,2758
0.000002,276
0.000002,2768
0.000002,277
0.000002,2773
0.000002,2774
0.000002,278
0.000002,2783
0.000002,2786
0.000002,2787
0.000002,2789
0.000002,279
0.000002,2791
0.000002,2795
0.000002,2799
0.000002,28
0.000002,2800
0.000002,2808
0.000002,2820
0.000002,2823
0.000002,283
0.000002,2835
0.000002,2838
0.000002,284
0.000002,2841
0.000002,2843
0.000002,2857
0.000002,286
0.000002,2862
0.000002,287
0.000002,2877
0.000002,2888
0.000002,289
0.000002,2892
0.000002,2897
0.000002,2899
0.000002,29
0.000002,290
0.000002,2901
0.000002,2902
0.000002,291
0.000002,2917
0.000002,2921
0.000002,2922
0.000002,2926
0.000002,293
0.000002,2933
0.000002,2935
0.000002,2936
0.000002,2940
0.000002,2942
0.000002,2943
0.000002,2944
0.000002,2947
0.000002,2948
0.000002,2949
0.000002,295
0.000002,2950
0.000002,2952
0.000002,2953
0.000002,2955
0.000002,2959
0.000002,296
0.000002,2964
0.000002,297
0.000002,2971
0.000002,2972
0.000002,298
0.000002,2984
0.000002,299
0.000002,2994
0.000002,2999
0.000002,3000
0.000002,3004
0.000002,301
0.000002,3017
0.000002,3018
0.000002,302
0.000002,303
0.000002,3045
0.000002,305
0.000002,3054
0.000002,3055
0.000002,3058
0.000002,3059
0.000002,306
0.000002,3063
0.000002,3067
0.000002,307
0.000002,3071
0.000002,3072
0.000002,3073
0.000002,3088
0.000002,309
0.000002,3091
0.000002,3093
0.000002,3094
0.000002,3098
0.000002,3099
0.000002,310
0.000002,3109
0.000002,311
0.000002,3116
0.000002,3117
0.000002,312
0.000002,3123
0.000002,3129
0.000002,313
0.000002,3130
0.000002,3133
0.000002,3134
0.000002,3139
0.000002,314
0.000002,3145
0.000002,3147
0.000002,3149
0.000002,3154
0.000002,3158
0.000002,316
0.000002,3163
0.000002,3166
0.000002,3167
0.000002,3176
0.000002,3179
0.000002,3183
0.000002,3184
0.000002,3185
0.000002,3186
0.000002,319
0.000002,3197
0.000002,3199
0.000002,32
0.000002,320
0.000002,3200
0.000002,3201
0.000002,3202
0.000002,321
0.000002,322
0.000002,3223
0.000002,3224
0.000002,3227
0.000002,3239
0.000002,324
0.000002,3240
0.000002,3244
0.000002,3245
0.000002,3248
0.000002,325
0.000002,3251
0.000002,3254
0.000002,3255
0.000002,3256
0.000002,3259
0.000002,326
0.000002,327
0.000002,3271
0.000002,3283
0.000002,3284
0.000002,3286
0.000002,3298
0.000002,3299
0.000002,330
0.000002,3300
0.000002,3301
0.000002,331
0.000002,3313
0.000002,332
0.000002,3322
0.000002,3328
0.000002,3333
0.000002,3334
0.000002,334
0.000002,3342
0.000002,3343
0.000002,3349
0.000002,335
0.000002,3350
0.000002,3352
0.000002,3353
0.000002,3354
0.000002,336
0.000002,337
0.000002,3378
0.000002,3380
0.000002,3381
0.000002,3382
0.000002,339
0.000002,3391
0.000002,3395
0.000002,3399
0.000002,34
0.000002,3400
0.000002,3409
0.000002,341
0.000002,342
0.000002,3421
0.000002,3422
0.000002,3423
0.000002,343
0.000002,3430
0.000002,3437
0.000002,344
0.000002,3440
0.000002,3441
0.000002,345
0.000002,3457
0.000002,3475
0.000002,3483
0.000002,3488
0.000002,349
0.000002,3496
0.000002,3498
0.000002,3499
0.000002,350
0.000002,3500
0.000002,3504
0.000002,3505
0.000002,3507
0.000002,3509
0.000002,351
0.000002,3510
0.000002,3511
0.000002,352
0.000002,3523
0.000002,3527
0.000002,3529
0.000002,353
0.000002,3531
0.000002,3541
0.000002,3549
0.000002,355
0.000002,3559
0.000002,356
0.000002,3568
0.000002,3571
0.000002,3572
0.000002,3573
0.000002,3577
0.000002,3583
0.000002,3586
0.000002,3589
0.000002,359
0.000002,3591
0.000002,3594
0.000002,3595
0.000002,3599
0.000002,3600
0.000002,3601
0.000002,3604
0.000002,3606
0.000002,3607
0.000002,3609
0.000002,361
0.000002,3612
0.000002,3613
0.000002,3614
0.000002,3615
0.000002,3619
0.000002,362
0.000002,3621
0.000002,3624
0.000002,3628
0.000002,363
0.000002,3632
0.000002,3634
0.000002,3639
0.000002,364
0.000002,3645
0.000002,365
0.000002,3653
0.000002,3656
0.000002,3659
0.000002,366
0.000002,3661
0.000002,3663
0.000002,3669
0.000002,367
0.000002,3670
0.000002,3675
0.000002,3676
0.000002,368
0.000002,3681
0.000002,3699
0.000002,37
0.000002,370
0.000002,3700
0.000002,3702
0.000002,3706
0.000002,3709
0.000002,371
0.000002,3712
0.000002,3718
0.000002,372
0.000002,3727
0.000002,3735
0.000002,374
0.000002,3741
0.000002,3745
0.000002,3747
0.000002,375
0.000002,3751
0.000002,3754
0.000002,376
0.000002,3762
0.000002,3765
0.000002,3767
0.000002,377
0.000002,3772
0.000002,3773
0.000002,3778
0.000002,378
0.000002,3781
0.000002,3783
0.000002,3787
0.000002,379
0.000002,3790
0.000002,3791
0.000002,3792
0.000002,3793
0.000002,3794
0.000002,3796
0.000002,3799
0.000002,38
0.000002,380
0.000002,3800
0.000002,3804
0.000002,3806
0.000002,3807
0.000002,3808
0.000002,3816
0.000002,3817
0.000002,382
0.000002,3823
0.000002,3827
0.000002,383
0.000002,3832
0.000002,384
0.000002,3844
0.000002,3854
0.000002,386
0.000002,3866
0.000002,3867
0.000002,3868
0.000002,3869
0.000002,3870
0.000002,3872
0.000002,3876
0.000002,3878
0.000002,3881
0.000002,3883
0.000002,3889
0.000002,389
0.000002,3898
0.000002,3899
0.000002,39
0.000002,390
0.000002,3900
0.000002,3902
0.000002,3905
0.000002,3906
0.000002,3907
0.000002,3908
0.000002,391
0.000002,3910
0.000002,3913
0.000002,3918
0.000002,3919
0.000002,3922
0.000002,3924
0.000002,3928
0.000002,3929
0.000002,3930
0.000002,3937
0.000002,3938
0.000002,394
0.000002,3943
0.000002,3944
0.000002,395
0.000002,3950
0.000002,396
0.000002,397
0.000002,3970
0.000002,3974
0.000002,3975
0.000002,3976
0.000002,398
0.000002,3980
0.000002,3991
0.000002,3992
0.000002,3994
0.000002,3996
0.000002,3998
0.000002,3999
0.000002,4000
0.000002,4002
0.000002,401
0.000002,4011
0.000002,4014
0.000002,402
0.000002,4024
0.000002,4027
0.000002,403
0.000002,4036
0.000002,4041
0.000002,4042
0.000002,4045
0.000002,4047
0.000002,405
0.000002,4059
0.000002,406
0.000002,4060
0.000002,4064
0.000002,4069
0.000002,4070
0.000002,4078
0.000002,4083
0.000002,4084
0.000002,4085
0.000002,4089
0.000002,409
0.000002,4096
0.000002,4097
0.000002,4099
0.000002,41
0.000002,410
0.000002,4100
0.000002,4104
0.000002,4109
0.000002,4113
0.000002,4115
0.000002,4123
0.000002,413
0.000002,4131
0.000002,4143
0.000002,4147
0.000002,4151
0.000002,4156
0.000002,4157
0.000002,4159
0.000002,416
0.000002,4160
0.000002,4161
0.000002,4162
0.000002,4164
0.000002,4166
0.000002,4167
0.000002,417
0.000002,4170
0.000002,4174
0.000002,4177
0.000002,4179
0.000002,4183
0.000002,4184
0.000002,4185
0.000002,419
0.000002,4194
0.000002,4195
0.000002,4196
0.000002,4198
0.000002,4199
0.000002,42
0.000002,420
0.000002,4200
0.000002,421
0.000002,4212
0.000002,4219
0.000002,4222
0.000002,4227
0.000002,4228
0.000002,4229
0.000002,423
0.000002,4232
0.000002,4239
0.000002,424
0.000002,4241
0.000002,4246
0.000002,4248
0.000002,4249
0.000002,425
0.000002,4255
0.000002,4256
0.000002,4257
0.000002,4261
0.000002,4263
0.000002,4264
0.000002,4265
0.000002,4266
0.000002,4267
0.000002,4268
0.000002,427
0.000002,4273
0.000002,4275
0.000002,4276
0.000002,4277
0.000002,428
0.000002,4280
0.000002,4298
0.000002,4299
0.000002,43
0.000002,4300
0.000002,4304
0.000002,431
0.000002,4313
0.000002,4316
0.000002,4317
0.000002,4318
0.000002,432
0.000002,4322
0.000002,4324
0.000002,4327
0.000002,4329
0.000002,433
0.000002,4332
0.000002,4335
0.000002,4336
0.000002,434
0.000002,4350
0.000002,4351
0.000002,4352
0.000002,4354
0.000002,4355
0.000002,4356
0.000002,436
0.000002,4362
0.000002,4367
0.000002,4368
0.000002,4369
0.000002,437
0.000002,4373
0.000002,4374
0.000002,4375
0.000002,4381
0.000002,4384
0.000002,4386
0.000002,4387
0.000002,439
0.000002,4396
0.000002,4398
0.000002,4399
0.000002,440
0.000002,4400
0.000002,4402
0.000002,4403
0.000002,4404
0.000002,4410
0.000002,4414
0.000002,4415
0.000002,4416
0.000002,4417
0.000002,4418
0.000002,4421
0.000002,4424
0.000002,4425
0.000002,443
0.000002,4432
0.000002,4433
0.000002,4437
0.000002,444
0.000002,4440
0.000002,4441
0.000002,4444
0.000002,4445
0.000002,445
0.000002,4450
0.000002,4451
0.000002,4452
0.000002,446
0.000002,4463
0.000002,4465
0.000002,447
0.000002,4471
0.000002,4473
0.000002,4476
0.000002,4477
0.000002,4484
0.000002,4486
0.000002,4487
0.000002,449
0.000002,4490
0.000002,4494
0.000002,4496
0.000002,4497
0.000002,4498
0.000002,4499
0.000002,45
0.000002,450
0.000002,4500
0.000002,4501
0.000002,4503
0.000002,4508
0.000002,452
0.000002,4525
0.000002,4526
0.000002,4529
0.000002,4531
0.000002,4532
0.000002,4533
0.000002,4534
0.000002,4536
0.000002,4539
0.000002,4540
0.000002,4542
0.000002,4544
0.000002,4545
0.000002,4547
0.000002,4548
0.000002,4558
0.000002,4559
0.000002,456
0.000002,4560
0.000002,4561
0.000002,4565
0.000002,4569
0.000002,457
0.000002,4573
0.000002,4580
0.000002,4584
0.000002,4586
0.000002,4596
0.000002,4598
0.000002,4599
0.000002,4600
0.000002,4602
0.000002,4603
0.000002,4608
0.000002,461
0.000002,4611
0.000002,4612
0.000002,4613
0.000002,4617
0.000002,462
0.000002,4620
0.000002,4621
0.000002,4624
0.000002,4625
0.000002,4626
0.000002,4631
0.000002,4633
0.000002,4637
0.000002,4639
0.000002,464
0.000002,4644
0.000002,465
0.000002,4658
0.000002,466
0.000002,4666
0.000002,4667
0.000002,4678
0.000002,4681
0.000002,4683
0.000002,4688
0.000002,469
0.000002,4692
0.000002,4696
0.000002,4697
0.000002,4698
0.000002,4699
0.000002,47
0.000002,470
0.000002,4700
0.000002,4705
0.000002,4706
0.000002,4707
0.000002,4708
0.000002,4709
0.000002,471
0.000002,4711
0.000002,4715
0.000002,4716
0.000002,472
0.000002,4723
0.000002,4728
0.000002,4729
0.000002,4735
0.000002,4746
0.000002,4747
0.000002,4751
0.000002,4755
0.000002,4759
0.000002,476
0.000002,4763
0.000002,4764
0.000002,4767
0.000002,4768
0.000002,4769
0.000002,477
0.000002,4770
0.000002,4772
0.000002,4777
0.000002,4780
0.000002,4784
0.000002,4788
0.000002,4789
0.000002,4793
0.000002,4794
0.000002,4796
0.000002,4799
0.000002,48
0.000002,4800
0.000002,4801
0.000002,4807
0.000002,4809
0.000002,481
0.000002,4817
0.000002,4819
0.000002,482
0.000002,4824
0.000002,4829
0.000002,483
0.000002,4839
0.000002,484
0.000002,4841
0.000002,4849
0.000002,4850
0.000002,4854
0.000002,4859
0.000002,486
0.000002,4863
0.000002,4876
0.000002,488
0.000002,4882
0.000002,4883
0.000002,489
0.000002,4894
0.000002,4896
0.000002,4899
0.000002,49
0.000002,490
0.000002,4900
0.000002,4901
0.000002,4902
0.000002,4904
0.000002,4905
0.000002,4906
0.000002,4908
0.000002,4917
0.000002,492
0.000002,4921
0.000002,4922
0.000002,4923
0.000002,4926
0.000002,4931
0.000002,4934
0.000002,4935
0.000002,4936
0.000002,4939
0.000002,494
0.000002,4950
0.000002,4951
0.000002,4955
0.000002,4956
0.000002,4958
0.000002,4959
0.000002,496
0.000002,4964
0.000002,4965
0.000002,4967
0.000002,4969
0.000002,497
0.000002,4978
0.000002,4979
0.000002,498
0.000002,4983
0.000002,4988
0.000002,4989
0.000002,499
0.000002,4990
0.000002,4994
0.000002,4999
0.000002,500
0.000002,5000
0.000002,5002
0.000002,5004
0.000002,5008
0.000002,5009
0.000002,5011
0.000002,5013
0.000002,5016
0.000002,5017
0.000002,5019
0.000002,502
0.000002,5020
0.000002,5024
0.000002,5028
0.000002,5029
0.000002,5030
0.000002,5032
0.000002,5033
0.000002,5034
0.000002,5037
0.000002,5038
0.000002,5039
0.000002,504
0.000002,5048
0.000002,5049
0.000002,5054
0.000002,5058
0.000002,5066
0.000002,5068
0.000002,507
0.000002,5071
0.000002,5074
0.000002,5075
0.000002,5076
0.000002,5079
0.000002,508
0.000002,509
0.000002,5093
0.000002,5096
0.000002,5097
0.000002,5098
0.000002,5099
0.000002,5100
0.000002,5105
0.000002,5108
0.000002,511
0.000002,5110
0.000002,5111
0.000002,5112
0.000002,5115
0.000002,5118
0.000002,5119
0.000002,5123
0.000002,5130
0.000002,5131
0.000002,5133
0.000002,5134
0.000002,5138
0.000002,5140
0.000002,5141
0.000002,5144
0.000002,5147
0.000002,515
0.000002,5158
0.000002,5159
0.000002,516
0.000002,5160
0.000002,5163
0.000002,5165
0.000002,5166
0.000002,5168
0.000002,517
0.000002,5171
0.000002,5172
0.000002,5174
0.000002,5175
0.000002,5179
0.000002,518
0.000002,5185
0.000002,5186
0.000002,5187
0.000002,5188
0.000002,5194
0.000002,5196
0.000002,5199
0.000002,52
0.000002,5200
0.000002,521
0.000002,5210
0.000002,5215
0.000002,5217
0.000002,5218
0.000002,5219
0.000002,5221
0.000002,523
0.000002,5236
0.000002,5237
0.000002,5240
0.000002,5241
0.000002,5242
0.000002,5243
0.000002,5244
0.000002,5249
0.000002,526
0.000002,5264
0.000002,5266
0.000002,527
0.000002,5270
0.000002,5271
0.000002,5275
0.000002,5276
0.000002,5278
0.000002,5279
0.000002,528
0.000002,5284
0.000002,529
0.000002,5290
0.000002,5292
0.000002,5297
0.000002,5299
0.000002,5300
0.000002,5311
0.000002,5312
0.000002,5313
0.000002,5314
0.000002,5315
0.000002,5318
0.000002,5319
0.000002,5324
0.000002,5328
0.000002,5330
0.000002,5333
0.000002,5334
0.000002,5339
0.000002,534
0.000002,5341
0.000002,5343
0.000002,5344
0.000002,5345
0.000002,5346
0.000002,5347
0.000002,5349
0.000002,535
0.000002,5350
0.000002,536
0.000002,5361
0.000002,5362
0.000002,5368
0.000002,5369
0.000002,537
0.000002,5370
0.000002,5372
0.000002,5373
0.000002,5379
0.000002,538
0.000002,5381
0.000002,5383
0.000002,5385
0.000002,5388
0.000002,5391
0.000002,5393
0.000002,5396
0.000002,5397
0.000002,5399
0.000002,540
0.000002,5400
0.000002,5401
0.000002,5404
0.000002,5407
0.000002,541
0.000002,5411
0.000002,5412
0.000002,5413
0.000002,5414
0.000002,5417
0.000002,5419
0.000002,5421
0.000002,5428
0.000002,5430
0.000002,5432
0.000002,5433
0.000002,5438
0.000002,5439
0.000002,544
0.000002,5442
0.000002,5446
0.000002,545
0.000002,5450
0.000002,5455
0.000002,5457
0.000002,5458
0.000002,5459
0.000002,546
0.000002,5460
0.000002,5463
0.000002,5466
0.000002,5468
0.000002,5469
0.000002,547
0.000002,5478
0.000002,548
0.000002,5482
0.000002,5483
0.000002,5484
0.000002,5485
0.000002,5488
0.000002,549
0.000002,5490
0.000002,5494
0.000002,5495
0.000002,5499
0.000002,55
0.000002,550
0.000002,5500
0.000002,5501
0.000002,5502
0.000002,5503
0.000002,5505
0.000002,5507
0.000002,5509
0.000002,551
0.000002,5510
0.000002,5514
0.000002,5515
0.000002,5516
0.000002,5517
0.000002,5519
0.000002,5522
0.000002,5523
0.000002,5524
0.000002,5525
0.000002,5529
0.000002,5530
0.000002,5532
0.000002,5538
0.000002,554
0.000002,5540
0.000002,5543
0.000002,5547
0.000002,5551
0.000002,5552
0.000002,5553
0.000002,5562
0.000002,5563
0.000002,5566
0.000002,5567
0.000002,5572
0.000002,5573
0.000002,5574
0.000002,5575
0.000002,5577
0.000002,5578
0.000002,5579
0.000002,558
0.000002,5580
0.000002,5581
0.000002,5584
0.000002,5588
0.000002,5589
0.000002,5593
0.000002,5599
0.000002,56
0.000002,5600
0.000002,5603
0.000002,5604
0.000002,5605
0.000002,5606
0.000002,5608
0.000002,5611
0.000002,5612
0.000002,5614
0.000002,5615
0.000002,5616
0.000002,5619
0.000002,5621
0.000002,5628
0.000002,5629
0.000002,5631
0.000002,5633
0.000002,5634
0.000002,5636
0.000002,5637
0.000002,5638
0.000002,5639
0.000002,564
0.000002,5640
0.000002,5641
0.000002,5642
0.000002,5645
0.000002,5650
0.000002,5653
0.000002,5658
0.000002,566
0.000002,5660
0.000002,5665
0.000002,5667
0.000002,5668
0.000002,5674
0.000002,568
0.000002,5680
0.000002,5682
0.000002,5683
0.000002,5684
0.000002,5686
0.000002,5689
0.000002,5690
0.000002,5691
0.000002,5692
0.000002,5694
0.000002,5697
0.000002,5698
0.000002,5699
0.000002,570
0.000002,5700
0.000002,5701
0.000002,5704
0.000002,5708
0.000002,5712
0.000002,5716
0.000002,5719
0.000002,572
0.000002,5721
0.000002,5722
0.000002,5724
0.000002,5725
0.000002,5726
0.000002,5728
0.000002,573
0.000002,5731
0.000002,5732
0.000002,5733
0.000002,5734
0.000002,5738
0.000002,5739
0.000002,574
0.000002,5745
0.000002,5747
0.000002,5748
0.000002,575
0.000002,5752
0.000002,5756
0.000002,5757
0.000002,576
0.000002,5765
0.000002,5768
0.000002,5769
0.000002,577
0.000002,5772
0.000002,5773
0.000002,5774
0.000002,578
0.000002,5783
0.000002,5784
0.000002,5787
0.000002,5788
0.000002,5789
0.000002,579
0.000002,5791
0.000002,5794
0.000002,5796
0.000002,5797
0.000002,5799
0.000002,58
0.000002,5800
0.000002,5803
0.000002,5805
0.000002,5807
0.000002,5809
0.000002,581
0.000002,5813
0.000002,5816
0.000002,5818
0.000002,5819
0.000002,582
0.000002,5820
0.000002,5821
0.000002,5822
0.000002,5823
0.000002,5824
0.000002,5825
0.000002,5827
0.000002,5828
0.000002,583
0.000002,5830
0.000002,5831
0.000002,5832
0.000002,5833
0.000002,5834
0.000002,584
0.000002,5840
0.000002,5842
0.000002,5843
0.000002,5847
0.000002,5848
0.000002,585
0.000002,5850
0.000002,5851
0.000002,5854
0.000002,5859
0.000002,586
0.000002,5861
0.000002,5862
0.000002,5864
0.000002,5865
0.000002,5868
0.000002,587
0.000002,5871
0.000002,5874
0.000002,5875
0.000002,5876
0.000002,5877
0.000002,5879
0.000002,588
0.000002,5889
0.000002,589
0.000002,5896
0.000002,5897
0.000002,5898
0.000002,5899
0.000002,59
0.000002,590
0.000002,5900
0.000002,5901
0.000002,5904
0.000002,5907
0.000002,5908
0.000002,5909
0.000002,591
0.000002,5910
0.000002,5913
0.000002,5915
0.000002,5916
0.000002,5917
0.000002,592
0.000002,5928
0.000002,5930
0.000002,5932
0.000002,5933
0.000002,5935
0.000002,5936
0.000002,5938
0.000002,594
0.000002,5940
0.000002,5941
0.000002,5942
0.000002,5943
0.000002,5945
0.000002,5946
0.000002,5947
0.000002,5948
0.000002,5949
0.000002,595
0.000002,5953
0.000002,5954
0.000002,5955
0.000002,5957
0.000002,596
0.000002,5962
0.000002,5963
0.000002,5964
0.000002,5966
0.000002,5967
0.000002,5968
0.000002,5970
0.000002,5972
0.000002,5976
0.000002,598
0.000002,5980
0.000002,5981
0.000002,5983
0.000002,5984
0.000002,5986
0.000002,5989
0.000002,599
0.000002,5990
0.000002,5992
0.000002,5993
0.000002,5994
0.000002,5995
0.000002,5998
0.000002,5999
0.000002,60
0.000002,600
0.000002,6000
0.000002,6006
0.000002,6007
0.000002,6008
0.000002,6009
0.000002,601
0.000002,6011
0.000002,6012
0.000002,6013
0.000002,6014
0.000002,6016
0.000002,6017
0.000002,6018
0.000002,602
0.000002,6022
0.000002,6023
0.000002,6024
0.000002,6025
0.000002,6026
0.000002,6028
0.000002,6029
0.000002,603
0.000002,6033
0.000002,6036
0.000002,6037
0.000002,604
0.000002,6041
0.000002,6042
0.000002,6044
0.000002,6047
0.000002,6048
0.000002,605
0.000002,6050
0.000002,6051
0.000002,6053
0.000002,6054
0.000002,6055
0.000002,6058
0.000002,6060
0.000002,6061
0.000002,6062
0.000002,6063
0.000002,6064
0.000002,6065
0.000002,6069
0.000002,6070
0.000002,6071
0.000002,6072
0.000002,6076
0.000002,6077
0.000002,6079
0.000002,6081
0.000002,6082
0.000002,6084
0.000002,6085
0.000002,6087
0.000002,6088
0.000002,609
0.000002,6093
0.000002,6094
0.000002,6095
0.000002,6098
0.000002,6099
0.000002,61
0.000002,610
0.000002,6100
0.000002,6101
0.000002,6102
0.000002,6103
0.000002,6107
0.000002,6109
0.000002,611
0.000002,6110
0.000002,6114
0.000002,6118
0.000002,6119
0.000002,612
0.000002,6122
0.000002,6123
0.000002,6124
0.000002,6126
0.000002,6127
0.000002,6128
0.000002,6129
0.000002,613
0.000002,6135
0.000002,6137
0.000002,6138
0.000002,6139
0.000002,6140
0.000002,6141
0.000002,6142
0.000002,6143
0.000002,6148
0.000002,6149
0.000002,6150
0.000002,6153
0.000002,6154
0.000002,6155
0.000002,6156
0.000002,6158
0.000002,6159
0.000002,616
0.000002,6160
0.000002,6161
0.000002,6162
0.000002,6167
0.000002,6168
0.000002,617
0.000002,6170
0.000002,6171
0.000002,6172
0.000002,6173
0.000002,6176
0.000002,6178
0.000002,6179
0.000002,618
0.000002,6185
0.000002,6186
0.000002,6188
0.000002,619
0.000002,6190
0.000002,6191
0.000002,6192
0.000002,6193
0.000002,6196
0.000002,6197
0.000002,6198
0.000002,6199
0.000002,6200
0.000002,6201
0.000002,6202
0.000002,6203
0.000002,6205
0.000002,6207
0.000002,6208
0.000002,6209
0.000002,621
0.000002,6210
0.000002,6211
0.000002,6212
0.000002,6213
0.000002,6214
0.000002,6215
0.000002,6216
0.000002,6217
0.000002,6218
0.000002,6219
0.000002,622
0.000002,6220
0.000002,6221
0.000002,6222
0.000002,6223
0.000002,6224
0.000002,6225
0.000002,6226
0.000002,6227
0.000002,6228
0.000002,6229
0.000002,6230
0.000002,6235
0.000002,6236
0.000002,6237
0.000002,6238
0.000002,6239
0.000002,6240
0.000002,6243
0.000002,6244
0.000002,6245
0.000002,6246
0.000002,6247
0.000002,6249
0.000002,625
0.000002,6250
0.000002,6251
0.000002,6252
0.000002,6254
0.000002,6258
0.000002,6259
0.000002,626
0.000002,6260
0.000002,6261
0.000002,6262
0.000002,6263
0.000002,6266
0.000002,6267
0.000002,6268
0.000002,627
0.000002,6270
0.000002,6271
0.000002,6272
0.000002,6273
0.000002,6274
0.000002,6276
0.000002,6277
0.000002,6278
0.000002,628
0.000002,6281
0.000002,6283
0.000002,6284
0.000002,6286
0.000002,6287
0.000002,6288
0.000002,6289
0.000002,629
0.000002,6290
0.000002,6291
0.000002,6293
0.000002,6294
0.000002,6295
0.000002,6299
0.000002,63
0.000002,6300
0.000002,6301
0.000002,6306
0.000002,6307
0.000002,6308
0.000002,6309
0.000002,631
0.000002,6310
0.000002,6311
0.000002,6312
0.000002,6313
0.000002,6314
0.000002,6315
0.000002,6318
0.000002,6319
0.000002,632
0.000002,6320
0.000002,6321
0.000002,6323
0.000002,6324
0.000002,6329
0.000002,633
0.000002,6331
0.000002,6332
0.000002,6336
0.000002,6337
0.000002,6338
0.000002,6339
0.000002,634
0.000002,6341
0.000002,6342
0.000002,6344
0.000002,6346
0.000002,6349
0.000002,6352
0.000002,6354
0.000002,6355
0.000002,6356
0.000002,6357
0.000002,6358
0.000002,6359
0.000002,636
0.000002,6360
0.000002,6361
0.000002,6362
0.000002,6367
0.000002,6368
0.000002,6369
0.000002,637
0.000002,6372
0.000002,6373
0.000002,6375
0.000002,6377
0.000002,6378
0.000002,638
0.000002,6380
0.000002,6381
0.000002,6382
0.000002,6383
0.000002,6384
0.000002,6385
0.000002,6386
0.000002,6387
0.000002,639
0.000002,6393
0.000002,6394
0.000002,6397
0.000002,6398
0.000002,6399
0.000002,64
0.000002,6400
0.000002,6402
0.000002,6403
0.000002,6405
0.000002,6406
0.000002,6407
0.000002,6408
0.000002,641
0.000002,6410
0.000002,6411
0.000002,6413
0.000002,6414
0.000002,6415
0.000002,6416
0.000002,6417
0.000002,6419
0.000002,642
0.000002,6420
0.000002,6421
0.000002,6423
0.000002,6429
0.000002,6430
0.000002,6431
0.000002,6432
0.000002,6433
0.000002,6435
0.000002,6436
0.000002,6439
0.000002,644
0.000002,6441
0.000002,6443
0.000002,6444
0.000002,6445
0.000002,6446
0.000002,6447
0.000002,6448
0.000002,6450
0.000002,6451
0.000002,6452
0.000002,6453
0.000002,6455
0.000002,6456
0.000002,6457
0.000002,6459
0.000002,646
0.000002,6460
0.000002,6461
0.000002,6462
0.000002,6463
0.000002,6464
0.000002,6465
0.000002,6466
0.000002,6468
0.000002,6469
0.000002,6470
0.000002,6471
0.000002,6472
0.000002,6474
0.000002,6475
0.000002,6476
0.000002,6477
0.000002,6478
0.000002,6479
0.000002,648
0.000002,649
0.000002,6492
0.000002,6493
0.000002,6495
0.000002,6497
0.000002,6498
0.000002,6499
0.000002,650
0.000002,6500
0.000002,6503
0.000002,6504
0.000002,6505
0.000002,6507
0.000002,6510
0.000002,6512
0.000002,6515
0.000002,6516
0.000002,6517
0.000002,6519
0.000002,6520
0.000002,6521
0.000002,6523
0.000002,6524
0.000002,6525
0.000002,6526
0.000002,6527
0.000002,6528
0.000002,6529
0.000002,6533
0.000002,6534
0.000002,6535
0.000002,6536
0.000002,6537
0.000002,6538
0.000002,6539
0.000002,6540
0.000002,6541
0.000002,6542
0.000002,6543
0.000002,6544
0.000002,6546
0.000002,6547
0.000002,6548
0.000002,6549
0.000002,6553
0.000002,6556
0.000002,6557
0.000002,6558
0.000002,6559
0.000002,6560
0.000002,6561
0.000002,6563
0.000002,6564
0.000002,6565
0.000002,6566
0.000002,6567
0.000002,6568
0.000002,6569
0.000002,6570
0.000002,6571
0.000002,6572
0.000002,6573
0.000002,6574
0.000002,6575
0.000002,6576
0.000002,6577
0.000002,6578
0.000002,6579
0.000002,6582
0.000002,6584
0.000002,6585
0.000002,6586
0.000002,6587
0.000002,6588
0.000002,6589
0.000002,659
0.000002,6592
0.000002,6593
0.000002,6594
0.000002,6595
0.000002,6596
0.000002,6597
0.000002,6599
0.000002,660
0.000002,6600
0.000002,6601
0.000002,6602
0.000002,6603
0.000002,6604
0.000002,6605
0.000002,6606
0.000002,6607
0.000002,6608
0.000002,6609
0.000002,661
0.000002,6610
0.000002,6611
0.000002,6612
0.000002,6613
0.000002,6614
0.000002,6615
0.000002,6616
0.000002,6617
0.000002,6618
0.000002,6619
0.000002,662
0.000002,6620
0.000002,6621
0.000002,6622
0.000002,6623
0.000002,6624
0.000002,6625
0.000002,6626
0.000002,6627
0.000002,6628
0.000002,6629
0.000002,663
0.000002,6630
0.000002,6631
0.000002,6632
0.000002,6633
0.000002,6634
0.000002,6636
0.000002,6637
0.000002,6638
0.000002,6639
0.000002,664
0.000002,6640
0.000002,6641
0.000002,6642
0.000002,6643
0.000002,6644
0.000002,6645
0.000002,6646
0.000002,6647
0.000002,6648
0.000002,6649
0.000002,665
0.000002,6651
0.000002,6652
0.000002,6653
0.000002,6654
0.000002,6655
0.000002,6656
0.000002,6657
0.000002,6658
0.000002,6659
0.000002,666
0.000002,6663
0.000002,6664
0.000002,6666
0.000002,6667
0.000002,6668
0.000002,667
0.000002,6671
0.000002,6672
0.000002,6673
0.000002,6674
0.000002,6675
0.000002,6676
0.000002,6677
0.000002,6678
0.000002,6679
0.000002,668
0.000002,6680
0.000002,6681
0.000002,6683
0.000002,6684
0.000002,6685
0.000002,6686
0.000002,6687
0.000002,6688
0.000002,6689
0.000002,669
0.000002,6690
0.000002,6691
0.000002,6692
0.000002,6693
0.000002,6694
0.000002,6697
0.000002,6699
0.000002,670
0.000002,6700
0.000002,6701
0.000002,6702
0.000002,6704
0.000002,6705
0.000002,6706
0.000002,6708
0.000002,6709
0.000002,671
0.000002,6710
0.000002,6711
0.000002,6712
0.000002,6713
0.000002,6714
0.000002,6715
0.000002,6716
0.000002,6717
0.000002,6718
0.000002,6719
0.000002,672
0.000002,6720
0.000002,6721
0.000002,6723
0.000002,6725
0.000002,6726
0.000002,6727
0.000002,6728
0.000002,6729
0.000002,673
0.000002,6730
0.000002,6731
0.000002,6732
0.000002,6734
0.000002,6735
0.000002,6736
0.000002,6737
0.000002,6738
0.000002,6739
0.000002,6751
0.000002,6752
0.000002,6753
0.000002,6754
0.000002,6755
0.000002,6756
0.000002,6757
0.000002,6758
0.000002,6759
0.000002,676
0.000002,6760
0.000002,6761
0.000002,6762
0.000002,6763
0.000002,6764
0.000002,6765
0.000002,6766
0.000002,6767
0.000002,6768
0.000002,6769
0.000002,677
0.000002,6770
0.000002,6771
0.000002,6772
0.000002,6773
0.000002,6774
0.000002,6775
0.000002,6777
0.000002,6778
0.000002,6779
0.000002,6780
0.000002,6781
0.000002,6782
0.000002,6783
0.000002,6784
0.000002,6785
0.000002,6786
0.000002,6787
0.000002,6788
0.000002,6789
0.000002,679
0.000002,6790
0.000002,6791
0.000002,6792
0.000002,6793
0.000002,6795
0.000002,6797
0.000002,6798
0.000002,6799
0.000002,68
0.000002,6800
0.000002,6801
0.000002,6802
0.000002,6803
0.000002,6804
0.000002,6805
0.000002,6806
0.000002,6807
0.000002,6808
0.000002,6809
0.000002,681
0.000002,6810
0.000002,6811
0.000002,6812
0.000002,6813
0.000002,6814
0.000002,6815
0.000002,6816
0.000002,6817
0.000002,6818
0.000002,6819
0.000002,682
0.000002,6820
0.000002,6821
0.000002,6823
0.000002,6824
0.000002,6825
0.000002,6826
0.000002,6827
0.000002,6828
0.000002,6829
0.000002,6831
0.000002,6834
0.000002,6835
0.000002,6839
0.000002,684
0.000002,6840
0.000002,6841
0.000002,6842
0.000002,6843
0.000002,6844
0.000002,6845
0.000002,6846
0.000002,6847
0.000002,6848
0.000002,6849
0.000002,685
0.000002,6850
0.000002,6851
0.000002,6852
0.000002,6853
0.000002,6854
0.000002,6855
0.000002,6856
0.000002,6857
0.000002,6858
0.000002,6859
0.000002,6860
0.000002,6861
0.000002,6862
0.000002,6863
0.000002,6864
0.000002,6865
0.000002,6866
0.000002,6868
0.000002,6869
0.000002,688
0.000002,689
0.000002,69
0.000002,692
0.000002,693
0.000002,694
0.000002,695
0.000002,696
0.000002,699
0.000002,70
0.000002,701
0.000002,702
0.000002,703
0.000002,704
0.000002,705
0.000002,706
0.000002,709
0.000002,71
0.000002,710
0.000002,711
0.000002,712
0.000002,714
0.000002,715
0.000002,716
0.000002,717
0.000002,719
0.000002,72
0.000002,720
0.000002,721
0.000002,724
0.000002,725
0.000002,73
0.000002,730
0.000002,731
0.000002,744
0.000002,745
0.000002,748
0.000002,75
0.000002,752
0.000002,755
0.000002,757
0.000002,763
0.000002,766
0.000002,77
0.000002,770
0.000002,771
0.000002,773
0.000002,774
0.000002,782
0.000002,786
0.000002,787
0.000002,79
0.000002,800
0.000002,806
0.000002,807
0.000002,808
0.000002,809
0.000002,81
0.000002,82
0.000002,820
0.000002,825
0.000002,828
0.000002,829
0.000002,831
0.000002,833
0.000002,834
0.000002,835
0.000002,836
0.000002,837
0.000002,838
0.000002,839
0.000002,84
0.000002,840
0.000002,842
0.000002,843
0.000002,844
0.000002,845
0.000002,846
0.000002,847
0.000002,848
0.000002,849
0.000002,85
0.000002,853
0.000002,872
0.000002,873
0.000002,874
0.000002,875
0.000002,876
0.000002,89
0.000002,898
0.000002,899
0.000002,90
0.000002,910
0.000002,92
0.000002,93
0.000002,939
0.000002,96
0.000002,962
0.000002,965
0.000002,967
0.000002,968
0.000002,971
0.000002,978
0.000002,98
0.000002,981
0.000002,99
0.000002,992
0.000002,999
0.000003,1004
0.000003,1018
0.000003,103
0.000003,1030
0.000003,1037
0.000003,1062
0.000003,1083
0.000003,111
0.000003,1124
0.000003,1129
0.000003,1130
0.000003,1136
0.000003,115
0.000003,1173
0.000003,1180
0.000003,1189
0.000003,1200
0.000003,1203
0.000003,1205
0.000003,1206
0.000003,1219
0.000003,1222
0.000003,1228
0.000003,125
0.000003,1251
0.000003,1257
0.000003,1262
0.000003,1265
0.000003,1266
0.000003,127
0.000003,1281
0.000003,1289
0.000003,1297
0.000003,13
0.000003,1300
0.000003,135
0.000003,1355
0.000003,1362
0.000003,1364
0.000003,1383
0.000003,1395
0.000003,1396
0.000003,1400
0.000003,1405
0.000003,1410
0.000003,1411
0.000003,1412
0.000003,1419
0.000003,1428
0.000003,1437
0.000003,1464
0.000003,1467
0.000003,1476
0.000003,1481
0.000003,1491
0.000003,1492
0.000003,1498
0.000003,1500
0.000003,1506
0.000003,151
0.000003,1512
0.000003,1517
0.000003,1555
0.000003,1560
0.000003,1562
0.000003,1568
0.000003,1571
0.000003,1572
0.000003,1575
0.000003,1576
0.000003,1578
0.000003,1588
0.000003,1589
0.000003,159
0.000003,1592
0.000003,1604
0.000003,1609
0.000003,1612
0.000003,1614
0.000003,1617
0.000003,1623
0.000003,1624
0.000003,1632
0.000003,1637
0.000003,1645
0.000003,1647
0.000003,1648
0.000003,1649
0.000003,1656
0.000003,1664
0.000003,1669
0.000003,1671
0.000003,1679
0.000003,1681
0.000003,1686
0.000003,1693
0.000003,1698
0.000003,1706
0.000003,1707
0.000003,1713
0.000003,1716
0.000003,1718
0.000003,1720
0.000003,1742
0.000003,1747
0.000003,1748
0.000003,1749
0.000003,1752
0.000003,1753
0.000003,1761
0.000003,1767
0.000003,1768
0.000003,1769
0.000003,1775
0.000003,1780
0.000003,1787
0.000003,1788
0.000003,1798
0.000003,1803
0.000003,1807
0.000003,1809
0.000003,1815
0.000003,1816
0.000003,1817
0.000003,1834
0.000003,1836
0.000003,1837
0.000003,1838
0.000003,1842
0.000003,1845
0.000003,1846
0.000003,1856
0.000003,1859
0.000003,1868
0.000003,1876
0.000003,1878
0.000003,1915
0.000003,1916
0.000003,1922
0.000003,1923
0.000003,1929
0.000003,1932
0.000003,1955
0.000003,1963
0.000003,1975
0.000003,1977
0.000003,1978
0.000003,1979
0.000003,1980
0.000003,1988
0.000003,2007
0.000003,2011
0.000003,2013
0.000003,2016
0.000003,2019
0.000003,2020
0.000003,2024
0.000003,2035
0.000003,2036
0.000003,2037
0.000003,2051
0.000003,2067
0.000003,2074
0.000003,2079
0.000003,2081
0.000003,2084
0.000003,2087
0.000003,2089
0.000003,2091
0.000003,2095
0.000003,2096
0.000003,2098
0.000003,21
0.000003,2118
0.000003,2123
0.000003,2125
0.000003,2126
0.000003,2128
0.000003,2147
0.000003,2153
0.000003,2155
0.000003,2162
0.000003,2163
0.000003,2164
0.000003,2174
0.000003,2175
0.000003,2176
0.000003,2177
0.000003,2185
0.000003,2187
0.000003,2188
0.000003,2193
0.000003,22
0.000003,2206
0.000003,221
0.000003,2213
0.000003,2220
0.000003,2224
0.000003,2227
0.000003,2238
0.000003,2240
0.000003,2248
0.000003,2257
0.000003,2263
0.000003,2286
0.000003,2297
0.000003,23
0.000003,2300
0.000003,2307
0.000003,2320
0.000003,2325
0.000003,2333
0.000003,2336
0.000003,2343
0.000003,2346
0.000003,2355
0.000003,2377
0.000003,2379
0.000003,2380
0.000003,2382
0.000003,2384
0.000003,2388
0.000003,24
0.000003,2400
0.000003,2420
0.000003,2422
0.000003,2423
0.000003,2424
0.000003,2431
0.000003,2432
0.000003,2441
0.000003,2452
0.000003,2455
0.000003,2466
0.000003,2480
0.000003,2484
0.000003,2492
0.000003,2497
0.000003,2500
0.000003,2501
0.000003,2512
0.000003,2513
0.000003,2528
0.000003,2531
0.000003,2542
0.000003,2546
0.000003,2550
0.000003,2556
0.000003,2558
0.000003,2564
0.000003,2577
0.000003,2590
0.000003,2591
0.000003,2593
0.000003,2596
0.000003,2600
0.000003,2601
0.000003,2602
0.000003,2603
0.000003,2612
0.000003,2613
0.000003,2614
0.000003,2618
0.000003,2619
0.000003,2621
0.000003,2624
0.000003,2639
0.000003,2640
0.000003,2644
0.000003,2646
0.000003,2650
0.000003,2657
0.000003,2659
0.000003,2665
0.000003,2666
0.000003,2668
0.000003,2669
0.000003,2674
0.000003,2683
0.000003,269
0.000003,2693
0.000003,2696
0.000003,2706
0.000003,2707
0.000003,2709
0.000003,2714
0.000003,2723
0.000003,2724
0.000003,2726
0.000003,273
0.000003,2738
0.000003,2739
0.000003,2745
0.000003,2754
0.000003,2755
0.000003,2756
0.000003,2759
0.000003,2767
0.000003,2769
0.000003,2788
0.000003,2792
0.000003,2793
0.000003,280
0.000003,2807
0.000003,2814
0.000003,2815
0.000003,2816
0.000003,2824
0.000003,2825
0.000003,2832
0.000003,2834
0.000003,2839
0.000003,2840
0.000003,2844
0.000003,2847
0.000003,2853
0.000003,2855
0.000003,2859
0.000003,2871
0.000003,2872
0.000003,2873
0.000003,2875
0.000003,2876
0.000003,2878
0.000003,2879
0.000003,2880
0.000003,2886
0.000003,2889
0.000003,2891
0.000003,2895
0.000003,2896
0.000003,2900
0.000003,2903
0.000003,2907
0.000003,2913
0.000003,2924
0.000003,2927
0.000003,2932
0.000003,2934
0.000003,2937
0.000003,2951
0.000003,2954
0.000003,2956
0.000003,2957
0.000003,2958
0.000003,2962
0.000003,2963
0.000003,2970
0.000003,2973
0.000003,2981
0.000003,2982
0.000003,2987
0.000003,2995
0.000003,3002
0.000003,3003
0.000003,3006
0.000003,3009
0.000003,3010
0.000003,3011
0.000003,3013
0.000003,3016
0.000003,3019
0.000003,3020
0.000003,3021
0.000003,3025
0.000003,3029
0.000003,3039
0.000003,3043
0.000003,3044
0.000003,3047
0.000003,3049
0.000003,3050
0.000003,3052
0.000003,3062
0.000003,3064
0.000003,3069
0.000003,3070
0.000003,3074
0.000003,3077
0.000003,3078
0.000003,3079
0.000003,3082
0.000003,3085
0.000003,3087
0.000003,3089
0.000003,3100
0.000003,3105
0.000003,3106
0.000003,3111
0.000003,3112
0.000003,3114
0.000003,3119
0.000003,3122
0.000003,3125
0.000003,3132
0.000003,3136
0.000003,3138
0.000003,3141
0.000003,3142
0.000003,3143
0.000003,3144
0.000003,3146
0.000003,3150
0.000003,3153
0.000003,3157
0.000003,3160
0.000003,3165
0.000003,3169
0.000003,3170
0.000003,3172
0.000003,3188
0.000003,3189
0.000003,3194
0.000003,3195
0.000003,3206
0.000003,3208
0.000003,3216
0.000003,3222
0.000003,3229
0.000003,3230
0.000003,3231
0.000003,3243
0.000003,3249
0.000003,3250
0.000003,3252
0.000003,3257
0.000003,3258
0.000003,3266
0.000003,3273
0.000003,3276
0.000003,3277
0.000003,3278
0.000003,3285
0.000003,3287
0.000003,3288
0.000003,3294
0.000003,3295
0.000003,3296
0.000003,3297
0.000003,3308
0.000003,3317
0.000003,3318
0.000003,3329
0.000003,3332
0.000003,3335
0.000003,3336
0.000003,3337
0.000003,3338
0.000003,3341
0.000003,3346
0.000003,3347
0.000003,3348
0.000003,3355
0.000003,3358
0.000003,3361
0.000003,3362
0.000003,3363
0.000003,3364
0.000003,3365
0.000003,3366
0.000003,3367
0.000003,3368
0.000003,3371
0.000003,3375
0.000003,3379
0.000003,338
0.000003,3384
0.000003,3385
0.000003,3387
0.000003,3397
0.000003,340
0.000003,3407
0.000003,3408
0.000003,3425
0.000003,3426
0.000003,3429
0.000003,3433
0.000003,3434
0.000003,3442
0.000003,3444
0.000003,3449
0.000003,3455
0.000003,3456
0.000003,3460
0.000003,3468
0.000003,3474
0.000003,3481
0.000003,3482
0.000003,3495
0.000003,3497
0.000003,35
0.000003,3503
0.000003,3506
0.000003,3508
0.000003,3512
0.000003,3518
0.000003,3521
0.000003,3524
0.000003,3528
0.000003,3532
0.000003,3535
0.000003,3538
0.000003,3554
0.000003,3557
0.000003,3570
0.000003,3574
0.000003,3578
0.000003,3581
0.000003,3585
0.000003,3598
0.000003,3603
0.000003,3608
0.000003,3616
0.000003,3617
0.000003,3620
0.000003,3622
0.000003,3625
0.000003,3636
0.000003,3637
0.000003,3638
0.000003,3640
0.000003,3643
0.000003,3644
0.000003,3648
0.000003,3649
0.000003,3650
0.000003,3651
0.000003,3652
0.000003,3660
0.000003,3662
0.000003,3666
0.000003,3671
0.000003,3673
0.000003,3684
0.000003,3685
0.000003,3690
0.000003,3691
0.000003,3695
0.000003,3696
0.000003,3698
0.000003,3701
0.000003,3703
0.000003,3705
0.000003,3708
0.000003,3719
0.000003,3722
0.000003,3724
0.000003,3728
0.000003,3729
0.000003,373
0.000003,3732
0.000003,3733
0.000003,3734
0.000003,3737
0.000003,3738
0.000003,3739
0.000003,3742
0.000003,3750
0.000003,3760
0.000003,3763
0.000003,3764
0.000003,3769
0.000003,3770
0.000003,3771
0.000003,3774
0.000003,3780
0.000003,3786
0.000003,3789
0.000003,3795
0.000003,3802
0.000003,3803
0.000003,3805
0.000003,3818
0.000003,3820
0.000003,3821
0.000003,3822
0.000003,3824
0.000003,3826
0.000003,3829
0.000003,3831
0.000003,3846
0.000003,3848
0.000003,3853
0.000003,3855
0.000003,3865
0.000003,3871
0.000003,3873
0.000003,3875
0.000003,3880
0.000003,3885
0.000003,3886
0.000003,3887
0.000003,3888
0.000003,3894
0.000003,3895
0.000003,3896
0.000003,3897
0.000003,3901
0.000003,3904
0.000003,3909
0.000003,3912
0.000003,3914
0.000003,3915
0.000003,3923
0.000003,3925
0.000003,3926
0.000003,393
0.000003,3936
0.000003,3939
0.000003,3940
0.000003,3941
0.000003,3949
0.000003,3951
0.000003,3953
0.000003,3955
0.000003,3959
0.000003,3960
0.000003,3965
0.000003,3984
0.000003,3988
0.000003,3989
0.000003,3993
0.000003,3995
0.000003,3997
0.000003,4006
0.000003,4008
0.000003,4010
0.000003,4012
0.000003,4015
0.000003,4016
0.000003,4018
0.000003,4019
0.000003,4021
0.000003,4028
0.000003,4029
0.000003,4030
0.000003,4031
0.000003,4032
0.000003,4037
0.000003,4039
0.000003,4040
0.000003,4043
0.000003,4048
0.000003,4049
0.000003,4050
0.000003,4054
0.000003,4056
0.000003,4057
0.000003,4063
0.000003,4066
0.000003,4067
0.000003,4073
0.000003,4074
0.000003,4075
0.000003,4076
0.000003,4077
0.000003,4079
0.000003,408
0.000003,4087
0.000003,4092
0.000003,4093
0.000003,4094
0.000003,4095
0.000003,4098
0.000003,4101
0.000003,4102
0.000003,4108
0.000003,411
0.000003,4110
0.000003,4112
0.000003,4114
0.000003,4116
0.000003,4117
0.000003,4126
0.000003,4129
0.000003,4130
0.000003,4132
0.000003,4135
0.000003,4136
0.000003,4138
0.000003,4141
0.000003,4142
0.000003,4144
0.000003,4146
0.000003,4149
0.000003,4150
0.000003,4152
0.000003,4153
0.000003,4154
0.000003,4155
0.000003,4158
0.000003,4163
0.000003,4165
0.000003,4168
0.000003,4171
0.000003,4173
0.000003,4175
0.000003,4176
0.000003,4178
0.000003,4180
0.000003,4182
0.000003,4189
0.000003,4190
0.000003,4197
0.000003,4207
0.000003,4209
0.000003,4215
0.000003,4217
0.000003,4221
0.000003,4223
0.000003,4224
0.000003,4230
0.000003,4233
0.000003,4236
0.000003,4237
0.000003,4238
0.000003,4242
0.000003,4243
0.000003,4247
0.000003,4260
0.000003,4269
0.000003,4274
0.000003,4281
0.000003,4284
0.000003,4290
0.000003,4292
0.000003,4293
0.000003,4295
0.000003,4296
0.000003,4308
0.000003,4310
0.000003,4312
0.000003,4319
0.000003,4321
0.000003,4323
0.000003,4325
0.000003,4326
0.000003,4328
0.000003,4331
0.000003,4334
0.000003,4337
0.000003,4338
0.000003,4339
0.000003,4343
0.000003,4344
0.000003,4345
0.000003,4348
0.000003,4349
0.000003,4358
0.000003,4359
0.000003,4363
0.000003,4370
0.000003,4372
0.000003,4376
0.000003,4382
0.000003,4388
0.000003,4390
0.000003,4392
0.000003,4393
0.000003,4394
0.000003,4397
0.000003,44
0.000003,4401
0.000003,4411
0.000003,4413
0.000003,4419
0.000003,4428
0.000003,4429
0.000003,4430
0.000003,4431
0.000003,4434
0.000003,4435
0.000003,4438
0.000003,4442
0.000003,4449
0.000003,4453
0.000003,4454
0.000003,4455
0.000003,4457
0.000003,4458
0.000003,4459
0.000003,4460
0.000003,4462
0.000003,4464
0.000003,4469
0.000003,4470
0.000003,4472
0.000003,4478
0.000003,4481
0.000003,4482
0.000003,4485
0.000003,4488
0.000003,4489
0.000003,4495
0.000003,4502
0.000003,4504
0.000003,4505
0.000003,4521
0.000003,4522
0.000003,4524
0.000003,4527
0.000003,4528
0.000003,4530
0.000003,4537
0.000003,4538
0.000003,4543
0.000003,4546
0.000003,4549
0.000003,4550
0.000003,4554
0.000003,4557
0.000003,4562
0.000003,4564
0.000003,4570
0.000003,4571
0.000003,4577
0.000003,4578
0.000003,4581
0.000003,4583
0.000003,4587
0.000003,4590
0.000003,4591
0.000003,4592
0.000003,4595
0.000003,4597
0.000003,4610
0.000003,4614
0.000003,4615
0.000003,4616
0.000003,4618
0.000003,4619
0.000003,4622
0.000003,4628
0.000003,4629
0.000003,4630
0.000003,4635
0.000003,4636
0.000003,4638
0.000003,4641
0.000003,4642
0.000003,4643
0.000003,4649
0.000003,4650
0.000003,4651
0.000003,4652
0.000003,4653
0.000003,4654
0.000003,4660
0.000003,4661
0.000003,4663
0.000003,4668
0.000003,4669
0.000003,4670
0.000003,4671
0.000003,4672
0.000003,4673
0.000003,4675
0.000003,4676
0.000003,4679
0.000003,4680
0.000003,4682
0.000003,4685
0.000003,4687
0.000003,4689
0.000003,4691
0.000003,4694
0.000003,4695
0.000003,4701
0.000003,4702
0.000003,4703
0.000003,4704
0.000003,4710
0.000003,4712
0.000003,4713
0.000003,4718
0.000003,4719
0.000003,4720
0.000003,4722
0.000003,4724
0.000003,4725
0.000003,4730
0.000003,4734
0.000003,4738
0.000003,4739
0.000003,4740
0.000003,4743
0.000003,4744
0.000003,4745
0.000003,4749
0.000003,4750
0.000003,4752
0.000003,4756
0.000003,4757
0.000003,4758
0.000003,4766
0.000003,4771
0.000003,4774
0.000003,4775
0.000003,4778
0.000003,4779
0.000003,4781
0.000003,4782
0.000003,4783
0.000003,4785
0.000003,4786
0.000003,4792
0.000003,4795
0.000003,4797
0.000003,4798
0.000003,4803
0.000003,4804
0.000003,4805
0.000003,4806
0.000003,4808
0.000003,4810
0.000003,4814
0.000003,4815
0.000003,4816
0.000003,4818
0.000003,4822
0.000003,4823
0.000003,4827
0.000003,4828
0.000003,4830
0.000003,4831
0.000003,4832
0.000003,4833
0.000003,4834
0.000003,4836
0.000003,4837
0.000003,4840
0.000003,4848
0.000003,485
0.000003,4852
0.000003,4853
0.000003,4856
0.000003,4857
0.000003,4860
0.000003,4865
0.000003,4866
0.000003,4867
0.000003,4869
0.000003,4878
0.000003,4881
0.000003,4887
0.000003,4890
0.000003,4891
0.000003,4892
0.000003,4898
0.000003,4903
0.000003,4907
0.000003,4909
0.000003,4913
0.000003,4914
0.000003,4916
0.000003,4924
0.000003,4925
0.000003,4927
0.000003,4932
0.000003,4933
0.000003,4937
0.000003,4938
0.000003,4940
0.000003,4943
0.000003,4944
0.000003,4945
0.000003,4946
0.000003,4947
0.000003,4948
0.000003,4957
0.000003,4961
0.000003,4963
0.000003,4968
0.000003,4972
0.000003,4973
0.000003,4976
0.000003,4977
0.000003,4980
0.000003,4981
0.000003,4982
0.000003,4985
0.000003,4986
0.000003,4987
0.000003,4991
0.000003,4992
0.000003,4993
0.000003,4996
0.000003,4997
0.000003,50
0.000003,5001
0.000003,5003
0.000003,5005
0.000003,5006
0.000003,5007
0.000003,5010
0.000003,5014
0.000003,5018
0.000003,5021
0.000003,5022
0.000003,5025
0.000003,5027
0.000003,5043
0.000003,5045
0.000003,5047
0.000003,5051
0.000003,5053
0.000003,5057
0.000003,5059
0.000003,5060
0.000003,5062
0.000003,5063
0.000003,5064
0.000003,5065
0.000003,5072
0.000003,5073
0.000003,5078
0.000003,5080
0.000003,5086
0.000003,5087
0.000003,5090
0.000003,5092
0.000003,5094
0.000003,5095
0.000003,5103
0.000003,5104
0.000003,5106
0.000003,5107
0.000003,5113
0.000003,5114
0.000003,512
0.000003,5121
0.000003,5122
0.000003,5124
0.000003,5125
0.000003,5126
0.000003,5127
0.000003,5128
0.000003,5129
0.000003,513
0.000003,5132
0.000003,5135
0.000003,5136
0.000003,5137
0.000003,514
0.000003,5142
0.000003,5145
0.000003,5146
0.000003,5148
0.000003,5149
0.000003,5151
0.000003,5153
0.000003,5154
0.000003,5156
0.000003,5157
0.000003,5161
0.000003,5162
0.000003,5164
0.000003,5167
0.000003,5170
0.000003,5173
0.000003,5176
0.000003,5177
0.000003,5178
0.000003,5180
0.000003,5181
0.000003,5182
0.000003,5183
0.000003,5184
0.000003,5189
0.000003,5190
0.000003,5192
0.000003,5193
0.000003,5195
0.000003,5197
0.000003,5203
0.000003,5207
0.000003,5208
0.000003,5209
0.000003,5211
0.000003,5212
0.000003,5220
0.000003,5223
0.000003,5224
0.000003,5225
0.000003,5227
0.000003,5232
0.000003,5233
0.000003,5238
0.000003,5239
0.000003,5248
0.000003,5251
0.000003,5252
0.000003,5253
0.000003,5257
0.000003,5258
0.000003,5259
0.000003,5260
0.000003,5262
0.000003,5263
0.000003,5265
0.000003,5267
0.000003,5268
0.000003,5269
0.000003,5273
0.000003,5274
0.000003,5281
0.000003,5282
0.000003,5283
0.000003,5286
0.000003,5287
0.000003,5291
0.000003,5293
0.000003,5294
0.000003,5298
0.000003,5301
0.000003,5302
0.000003,5306
0.000003,5308
0.000003,5309
0.000003,531
0.000003,5316
0.000003,5317
0.000003,5320
0.000003,5323
0.000003,5325
0.000003,5327
0.000003,5329
0.000003,533
0.000003,5337
0.000003,5338
0.000003,5342
0.000003,5351
0.000003,5358
0.000003,5359
0.000003,5360
0.000003,5364
0.000003,5365
0.000003,5366
0.000003,5367
0.000003,5371
0.000003,5374
0.000003,5375
0.000003,5376
0.000003,5380
0.000003,5386
0.000003,5387
0.000003,5390
0.000003,5392
0.000003,5395
0.000003,5398
0.000003,5402
0.000003,5403
0.000003,5406
0.000003,5408
0.000003,5409
0.000003,5410
0.000003,5416
0.000003,5418
0.000003,5420
0.000003,5422
0.000003,5423
0.000003,5426
0.000003,5427
0.000003,5429
0.000003,543
0.000003,5431
0.000003,5434
0.000003,5436
0.000003,5437
0.000003,5443
0.000003,5445
0.000003,5447
0.000003,5448
0.000003,5449
0.000003,5452
0.000003,5453
0.000003,5454
0.000003,5456
0.000003,5461
0.000003,5465
0.000003,5467
0.000003,5471
0.000003,5473
0.000003,5479
0.000003,5486
0.000003,5487
0.000003,5489
0.000003,5492
0.000003,5493
0.000003,5496
0.000003,5497
0.000003,5498
0.000003,5504
0.000003,5506
0.000003,5512
0.000003,5513
0.000003,5518
0.000003,552
0.000003,5520
0.000003,5521
0.000003,5526
0.000003,5528
0.000003,553
0.000003,5531
0.000003,5534
0.000003,5535
0.000003,5536
0.000003,5537
0.000003,5539
0.000003,5541
0.000003,5542
0.000003,5544
0.000003,5546
0.000003,5549
0.000003,555
0.000003,5550
0.000003,5554
0.000003,5556
0.000003,5557
0.000003,5558
0.000003,5560
0.000003,5564
0.000003,5565
0.000003,5568
0.000003,5569
0.000003,557
0.000003,5570
0.000003,5571
0.000003,5582
0.000003,5583
0.000003,5585
0.000003,5587
0.000003,5590
0.000003,5595
0.000003,5596
0.000003,5597
0.000003,5601
0.000003,5602
0.000003,5607
0.000003,5609
0.000003,5610
0.000003,5613
0.000003,5617
0.000003,5618
0.000003,5622
0.000003,5623
0.000003,5624
0.000003,5625
0.000003,563
0.000003,5630
0.000003,5632
0.000003,5635
0.000003,5643
0.000003,5644
0.000003,5647
0.000003,5648
0.000003,5651
0.000003,5655
0.000003,5656
0.000003,5662
0.000003,5663
0.000003,5664
0.000003,5666
0.000003,5669
0.000003,5670
0.000003,5671
0.000003,5672
0.000003,5675
0.000003,5676
0.000003,5677
0.000003,5678
0.000003,5679
0.000003,5685
0.000003,5688
0.000003,5695
0.000003,5696
0.000003,57
0.000003,5702
0.000003,5703
0.000003,5705
0.000003,5706
0.000003,5707
0.000003,5709
0.000003,5710
0.000003,5711
0.000003,5713
0.000003,5714
0.000003,5717
0.000003,5718
0.000003,5720
0.000003,5727
0.000003,5729
0.000003,5730
0.000003,5736
0.000003,5740
0.000003,5744
0.000003,5746
0.000003,5749
0.000003,5750
0.000003,5758
0.000003,5762
0.000003,5763
0.000003,5764
0.000003,5767
0.000003,5770
0.000003,5771
0.000003,5775
0.000003,5776
0.000003,5777
0.000003,5778
0.000003,5779
0.000003,5780
0.000003,5782
0.000003,5785
0.000003,5786
0.000003,5790
0.000003,5792
0.000003,5793
0.000003,5795
0.000003,5798
0.000003,580
0.000003,5801
0.000003,5804
0.000003,5806
0.000003,5808
0.000003,5811
0.000003,5814
0.000003,5815
0.000003,5817
0.000003,5826
0.000003,5829
0.000003,5835
0.000003,5836
0.000003,5837
0.000003,5838
0.000003,5839
0.000003,5841
0.000003,5845
0.000003,5846
0.000003,5849
0.000003,5852
0.000003,5853
0.000003,5855
0.000003,5856
0.000003,5857
0.000003,5858
0.000003,5863
0.000003,5866
0.000003,5867
0.000003,5869
0.000003,5870
0.000003,5872
0.000003,5873
0.000003,5878
0.000003,5882
0.000003,5883
0.000003,5885
0.000003,5886
0.000003,5887
0.000003,5895
0.000003,5902
0.000003,5903
0.000003,5906
0.000003,5918
0.000003,5919
0.000003,5923
0.000003,5924
0.000003,5926
0.000003,5927
0.000003,5929
0.000003,5931
0.000003,5934
0.000003,5937
0.000003,5939
0.000003,5950
0.000003,5951
0.000003,5956
0.000003,5958
0.000003,5959
0.000003,5960
0.000003,5961
0.000003,5973
0.000003,5975
0.000003,5977
0.000003,5978
0.000003,5979
0.000003,5982
0.000003,5985
0.000003,5987
0.000003,5991
0.000003,5997
0.000003,6001
0.000003,6002
0.000003,6003
0.000003,6004
0.000003,6005
0.000003,6010
0.000003,6015
0.000003,6019
0.000003,6027
0.000003,6030
0.000003,6031
0.000003,6032
0.000003,6034
0.000003,6035
0.000003,6038
0.000003,6039
0.000003,6040
0.000003,6043
0.000003,6045
0.000003,6046
0.000003,6049
0.000003,6056
0.000003,6057
0.000003,6059
0.000003,6067
0.000003,6068
0.000003,6073
0.000003,6074
0.000003,6075
0.000003,6078
0.000003,6080
0.000003,6083
0.000003,6086
0.000003,6089
0.000003,6091
0.000003,6092
0.000003,6096
0.000003,6097
0.000003,6104
0.000003,6105
0.000003,6106
0.000003,6108
0.000003,6111
0.000003,6112
0.000003,6113
0.000003,6115
0.000003,6116
0.000003,6117
0.000003,6121
0.000003,6130
0.000003,6131
0.000003,6132
0.000003,6133
0.000003,6134
0.000003,6136
0.000003,6152
0.000003,6157
0.000003,6163
0.000003,6164
0.000003,6165
0.000003,6166
0.000003,6169
0.000003,6175
0.000003,6177
0.000003,6180
0.000003,6181
0.000003,6182
0.000003,6183
0.000003,6184
0.000003,6187
0.000003,6189
0.000003,6194
0.000003,6195
0.000003,6204
0.000003,6206
0.000003,6231
0.000003,6232
0.000003,6233
0.000003,6234
0.000003,6242
0.000003,6248
0.000003,6253
0.000003,6255
0.000003,6256
0.000003,6264
0.000003,6265
0.000003,6279
0.000003,6280
0.000003,6282
0.000003,6285
0.000003,6292
0.000003,6296
0.000003,6297
0.000003,6298
0.000003,6302
0.000003,6303
0.000003,6304
0.000003,6305
0.000003,6316
0.000003,6317
0.000003,6322
0.000003,6326
0.000003,6327
0.000003,6328
0.000003,6330
0.000003,6334
0.000003,6335
0.000003,6340
0.000003,6343
0.000003,6345
0.000003,6348
0.000003,6351
0.000003,6353
0.000003,6365
0.000003,6366
0.000003,6370
0.000003,6371
0.000003,6374
0.000003,6379
0.000003,6389
0.000003,6391
0.000003,6392
0.000003,6395
0.000003,6396
0.000003,6401
0.000003,6404
0.000003,6409
0.000003,6412
0.000003,6418
0.000003,6422
0.000003,6424
0.000003,6425
0.000003,6426
0.000003,6427
0.000003,6428
0.000003,643
0.000003,6434
0.000003,6437
0.000003,6438
0.000003,6440
0.000003,6442
0.000003,6449
0.000003,6454
0.000003,6458
0.000003,6467
0.000003,6473
0.000003,6483
0.000003,6484
0.000003,6490
0.000003,6491
0.000003,6494
0.000003,6496
0.000003,65
0.000003,6501
0.000003,6502
0.000003,6506
0.000003,6508
0.000003,6509
0.000003,6511
0.000003,6514
0.000003,6518
0.000003,6522
0.000003,6530
0.000003,6531
0.000003,6532
0.000003,6545
0.000003,6552
0.000003,6554
0.000003,6555
0.000003,6562
0.000003,6580
0.000003,6581
0.000003,6583
0.000003,6590
0.000003,6591
0.000003,6598
0.000003,6635
0.000003,6650
0.000003,6660
0.000003,6661
0.000003,6662
0.000003,6665
0.000003,6669
0.000003,6670
0.000003,6682
0.000003,6695
0.000003,6696
0.000003,6698
0.000003,6703
0.000003,6707
0.000003,6722
0.000003,6724
0.000003,6749
0.000003,6750
0.000003,6776
0.000003,6794
0.000003,6796
0.000003,6822
0.000003,6833
0.000003,6837
0.000003,6838
0.000003,690
0.000003,700
0.000003,758
0.000003,76
0.000003,775
0.000003,784
0.000003,785
0.000003,789
0.000003,794
0.000003,797
0.000003,798
0.000003,803
0.000003,83
0.000003,841
0.000003,871
0.000003,886
0.000003,900
0.000003,902
0.000003,909
0.000003,924
0.000003,94
0.000003,991
0.000004,102
0.000004,105
0.000004,1090
0.000004,1100
0.000004,1107
0.000004,1117
0.000004,1128
0.000004,1159
0.000004,1161
0.000004,1178
0.000004,1193
0.000004,1207
0.000004,121
0.000004,122
0.000004,1224
0.000004,1238
0.000004,1240
0.000004,1252
0.000004,129
0.000004,1318
0.000004,1322
0.000004,1337
0.000004,1339
0.000004,1359
0.000004,1361
0.000004,1367
0.000004,1368
0.000004,1369
0.000004,1374
0.000004,1385
0.000004,1416
0.000004,1418
0.000004,1420
0.000004,143
0.000004,1433
0.000004,1462
0.000004,1469
0.000004,1482
0.000004,1496
0.000004,1513
0.000004,1520
0.000004,1523
0.000004,1525
0.000004,1526
0.000004,1529
0.000004,1558
0.000004,1579
0.000004,1619
0.000004,1638
0.000004,1643
0.000004,1666
0.000004,1712
0.000004,1714
0.000004,1735
0.000004,1770
0.000004,1773
0.000004,1774
0.000004,1794
0.000004,1811
0.000004,1822
0.000004,1843
0.000004,1851
0.000004,1855
0.000004,1862
0.000004,1872
0.000004,1877
0.000004,1897
0.000004,19
0.000004,190
0.000004,1912
0.000004,1920
0.000004,1925
0.000004,1937
0.000004,1940
0.000004,1942
0.000004,1953
0.000004,1954
0.000004,196
0.000004,1967
0.000004,1969
0.000004,1974
0.000004,1985
0.000004,1998
0.000004,2008
0.000004,2012
0.000004,2017
0.000004,2029
0.000004,2033
0.000004,2055
0.000004,206
0.000004,2063
0.000004,2071
0.000004,2072
0.000004,2077
0.000004,2088
0.000004,2107
0.000004,2115
0.000004,2117
0.000004,2121
0.000004,2140
0.000004,2145
0.000004,2151
0.000004,2157
0.000004,216
0.000004,2172
0.000004,2173
0.000004,2182
0.000004,219
0.000004,2197
0.000004,220
0.000004,2208
0.000004,2230
0.000004,2239
0.000004,2243
0.000004,2258
0.000004,2280
0.000004,2281
0.000004,2287
0.000004,2291
0.000004,2296
0.000004,2317
0.000004,2338
0.000004,2342
0.000004,2350
0.000004,2359
0.000004,2372
0.000004,2381
0.000004,2389
0.000004,2397
0.000004,2416
0.000004,2419
0.000004,2435
0.000004,2436
0.000004,2444
0.000004,2449
0.000004,2450
0.000004,2458
0.000004,2465
0.000004,2468
0.000004,2482
0.000004,2487
0.000004,2488
0.000004,2489
0.000004,2491
0.000004,2493
0.000004,2494
0.000004,2504
0.000004,2505
0.000004,2514
0.000004,2530
0.000004,255
0.000004,2586
0.000004,2587
0.000004,2592
0.000004,2610
0.000004,2623
0.000004,2625
0.000004,2635
0.000004,2638
0.000004,2647
0.000004,2653
0.000004,2654
0.000004,2655
0.000004,2656
0.000004,2662
0.000004,2670
0.000004,2687
0.000004,2715
0.000004,2731
0.000004,2734
0.000004,2737
0.000004,2757
0.000004,2760
0.000004,2761
0.000004,2770
0.000004,2790
0.000004,2810
0.000004,2811
0.000004,2812
0.000004,2836
0.000004,2837
0.000004,2851
0.000004,2852
0.000004,2856
0.000004,2864
0.000004,2881
0.000004,2882
0.000004,2884
0.000004,2894
0.000004,2904
0.000004,2905
0.000004,2906
0.000004,2919
0.000004,2925
0.000004,2928
0.000004,2968
0.000004,2969
0.000004,2990
0.000004,30
0.000004,300
0.000004,3001
0.000004,3014
0.000004,3026
0.000004,3030
0.000004,304
0.000004,3051
0.000004,3053
0.000004,3075
0.000004,308
0.000004,3083
0.000004,3092
0.000004,3097
0.000004,3103
0.000004,3104
0.000004,3115
0.000004,3120
0.000004,3121
0.000004,3124
0.000004,3126
0.000004,3128
0.000004,3148
0.000004,3155
0.000004,3159
0.000004,3164
0.000004,317
0.000004,3180
0.000004,3181
0.000004,3182
0.000004,3187
0.000004,3190
0.000004,3196
0.000004,3203
0.000004,3205
0.000004,3220
0.000004,3235
0.000004,3237
0.000004,3241
0.000004,3293
0.000004,3302
0.000004,3310
0.000004,3316
0.000004,3319
0.000004,3331
0.000004,3345
0.000004,3351
0.000004,3357
0.000004,3360
0.000004,3372
0.000004,3419
0.000004,3431
0.000004,3450
0.000004,3451
0.000004,3459
0.000004,3476
0.000004,3485
0.000004,3486
0.000004,3487
0.000004,3494
0.000004,3514
0.000004,3516
0.000004,3519
0.000004,3520
0.000004,3522
0.000004,3536
0.000004,3537
0.000004,3539
0.000004,3542
0.000004,3543
0.000004,3544
0.000004,3545
0.000004,3558
0.000004,3561
0.000004,3563
0.000004,3590
0.000004,36
0.000004,3631
0.000004,3635
0.000004,3642
0.000004,3657
0.000004,3672
0.000004,3674
0.000004,3679
0.000004,3680
0.000004,3682
0.000004,3683
0.000004,3687
0.000004,3689
0.000004,369
0.000004,3707
0.000004,3716
0.000004,3717
0.000004,3721
0.000004,3726
0.000004,3731
0.000004,3743
0.000004,3746
0.000004,3749
0.000004,3759
0.000004,3782
0.000004,3814
0.000004,3825
0.000004,3828
0.000004,3834
0.000004,3836
0.000004,3839
0.000004,3842
0.000004,3843
0.000004,3845
0.000004,3847
0.000004,3857
0.000004,3858
0.000004,3862
0.000004,387
0.000004,3877
0.000004,3882
0.000004,3884
0.000004,3890
0.000004,3911
0.000004,3934
0.000004,3935
0.000004,3952
0.000004,3957
0.000004,3964
0.000004,3977
0.000004,3982
0.000004,40
0.000004,4003
0.000004,4004
0.000004,4007
0.000004,4022
0.000004,404
0.000004,4046
0.000004,4051
0.000004,4053
0.000004,4058
0.000004,4061
0.000004,4062
0.000004,4065
0.000004,4080
0.000004,4081
0.000004,4088
0.000004,4091
0.000004,4111
0.000004,4128
0.000004,4133
0.000004,4134
0.000004,4137
0.000004,4139
0.000004,4148
0.000004,415
0.000004,4169
0.000004,4172
0.000004,4186
0.000004,4187
0.000004,4188
0.000004,4218
0.000004,4220
0.000004,4226
0.000004,4240
0.000004,4245
0.000004,4258
0.000004,4259
0.000004,426
0.000004,4262
0.000004,4278
0.000004,4286
0.000004,4289
0.000004,4297
0.000004,4311
0.000004,4315
0.000004,4320
0.000004,4333
0.000004,4361
0.000004,4365
0.000004,4378
0.000004,4383
0.000004,4389
0.000004,4391
0.000004,4405
0.000004,4407
0.000004,442
0.000004,4420
0.000004,4426
0.000004,4436
0.000004,4439
0.000004,4467
0.000004,4468
0.000004,4483
0.000004,4491
0.000004,4493
0.000004,4507
0.000004,4509
0.000004,4518
0.000004,453
0.000004,4535
0.000004,4553
0.000004,4572
0.000004,4574
0.000004,4576
0.000004,4579
0.000004,4582
0.000004,4588
0.000004,4604
0.000004,4605
0.000004,4606
0.000004,4609
0.000004,4627
0.000004,4640
0.000004,4645
0.000004,4647
0.000004,4659
0.000004,4665
0.000004,4677
0.000004,4684
0.000004,4686
0.000004,4717
0.000004,4721
0.000004,4731
0.000004,4736
0.000004,4737
0.000004,474
0.000004,4754
0.000004,4761
0.000004,4762
0.000004,4765
0.000004,4773
0.000004,4791
0.000004,4802
0.000004,4812
0.000004,4820
0.000004,4835
0.000004,4843
0.000004,4847
0.000004,4851
0.000004,4858
0.000004,4864
0.000004,4868
0.000004,4870
0.000004,4874
0.000004,4884
0.000004,4886
0.000004,4888
0.000004,4889
0.000004,4915
0.000004,4920
0.000004,4930
0.000004,4952
0.000004,4953
0.000004,4954
0.000004,4966
0.000004,4970
0.000004,4971
0.000004,4974
0.000004,4998
0.000004,5023
0.000004,5031
0.000004,5035
0.000004,5044
0.000004,5061
0.000004,5067
0.000004,5069
0.000004,5077
0.000004,5081
0.000004,5089
0.000004,5091
0.000004,51
0.000004,510
0.000004,5109
0.000004,5117
0.000004,5150
0.000004,5155
0.000004,5169
0.000004,519
0.000004,5202
0.000004,5205
0.000004,5216
0.000004,5235
0.000004,525
0.000004,5250
0.000004,5254
0.000004,5255
0.000004,5256
0.000004,5261
0.000004,5272
0.000004,5277
0.000004,5285
0.000004,5288
0.000004,5289
0.000004,5296
0.000004,53
0.000004,5303
0.000004,5307
0.000004,5326
0.000004,5332
0.000004,5335
0.000004,5336
0.000004,5354
0.000004,5355
0.000004,5356
0.000004,5363
0.000004,5384
0.000004,539
0.000004,5394
0.000004,5405
0.000004,5415
0.000004,5425
0.000004,5435
0.000004,5464
0.000004,5481
0.000004,5508
0.000004,5511
0.000004,5527
0.000004,5533
0.000004,5545
0.000004,5548
0.000004,5555
0.000004,5559
0.000004,5561
0.000004,5576
0.000004,5591
0.000004,5592
0.000004,5594
0.000004,5620
0.000004,5627
0.000004,5657
0.000004,5659
0.000004,5661
0.000004,567
0.000004,5673
0.000004,5687
0.000004,569
0.000004,5715
0.000004,5723
0.000004,5737
0.000004,5753
0.000004,5754
0.000004,5759
0.000004,5760
0.000004,5761
0.000004,5781
0.000004,5802
0.000004,5810
0.000004,5812
0.000004,5881
0.000004,5884
0.000004,5888
0.000004,5893
0.000004,5894
0.000004,5911
0.000004,5914
0.000004,5922
0.000004,5952
0.000004,5969
0.000004,5974
0.000004,6021
0.000004,6052
0.000004,6066
0.000004,6125
0.000004,6144
0.000004,6147
0.000004,6151
0.000004,6174
0.000004,620
0.000004,6241
0.000004,6257
0.000004,6269
0.000004,6333
0.000004,6347
0.000004,6363
0.000004,6364
0.000004,6388
0.000004,6390
0.000004,645
0.000004,6481
0.000004,6482
0.000004,6485
0.000004,6486
0.000004,6489
0.000004,6513
0.000004,6551
0.000004,6733
0.000004,6740
0.000004,6741
0.000004,6742
0.000004,6743
0.000004,6744
0.000004,6745
0.000004,6746
0.000004,6747
0.000004,6748
0.000004,6832
0.000004,6836
0.000004,718
0.000004,74
0.000004,804
0.000004,87
0.000004,880
0.000004,890
0.000004,901
0.000004,961
0.000004,986
0.000004,997
0.000005,1003
0.000005,1069
0.000005,1086
0.000005,1103
0.000005,1118
0.000005,1139
0.000005,1147
0.000005,1151
0.000005,116
0.000005,12
0.000005,1208
0.000005,1211
0.000005,1216
0.000005,1263
0.000005,1301
0.000005,1308
0.000005,1325
0.000005,1354
0.000005,1371
0.000005,1372
0.000005,1377
0.000005,1403
0.000005,1414
0.000005,1430
0.000005,1432
0.000005,1456
0.000005,1458
0.000005,146
0.000005,1461
0.000005,1472
0.000005,1474
0.000005,1493
0.000005,1511
0.000005,1551
0.000005,1552
0.000005,1553
0.000005,1554
0.000005,1559
0.000005,1563
0.000005,1567
0.000005,1596
0.000005,1598
0.000005,1611
0.000005,1626
0.000005,1628
0.000005,164
0.000005,1653
0.000005,1655
0.000005,1665
0.000005,1677
0.000005,1696
0.000005,1697
0.000005,1745
0.000005,177
0.000005,1797
0.000005,1814
0.000005,1830
0.000005,1850
0.000005,1852
0.000005,1870
0.000005,1871
0.000005,1873
0.000005,1910
0.000005,1911
0.000005,1924
0.000005,1938
0.000005,1960
0.000005,1961
0.000005,1987
0.000005,2006
0.000005,2023
0.000005,2031
0.000005,2038
0.000005,2054
0.000005,2059
0.000005,2061
0.000005,2062
0.000005,2064
0.000005,2073
0.000005,2082
0.000005,2086
0.000005,2108
0.000005,2112
0.000005,2152
0.000005,2180
0.000005,2189
0.000005,2201
0.000005,2228
0.000005,2245
0.000005,226
0.000005,2261
0.000005,2262
0.000005,2264
0.000005,2265
0.000005,2289
0.000005,2290
0.000005,2303
0.000005,2304
0.000005,2305
0.000005,2324
0.000005,2331
0.000005,235
0.000005,2354
0.000005,2367
0.000005,2369
0.000005,2376
0.000005,2390
0.000005,2428
0.000005,243
0.000005,2433
0.000005,2446
0.000005,2478
0.000005,2502
0.000005,2511
0.000005,2515
0.000005,2521
0.000005,2527
0.000005,2532
0.000005,2541
0.000005,2545
0.000005,2559
0.000005,2641
0.000005,2642
0.000005,2643
0.000005,2652
0.000005,2658
0.000005,2667
0.000005,2686
0.000005,2689
0.000005,2694
0.000005,2704
0.000005,272
0.000005,2722
0.000005,2736
0.000005,2763
0.000005,2771
0.000005,2772
0.000005,2798
0.000005,2802
0.000005,2803
0.000005,2804
0.000005,2805
0.000005,2809
0.000005,2813
0.000005,2826
0.000005,2846
0.000005,2854
0.000005,2870
0.000005,288
0.000005,2885
0.000005,2909
0.000005,2910
0.000005,2911
0.000005,2912
0.000005,2938
0.000005,2945
0.000005,2946
0.000005,2967
0.000005,2975
0.000005,2977
0.000005,2979
0.000005,2985
0.000005,2986
0.000005,2989
0.000005,3024
0.000005,3033
0.000005,3057
0.000005,3076
0.000005,3090
0.000005,3110
0.000005,3127
0.000005,3131
0.000005,3137
0.000005,3140
0.000005,315
0.000005,3175
0.000005,3178
0.000005,3191
0.000005,3192
0.000005,3193
0.000005,3215
0.000005,3217
0.000005,3218
0.000005,3226
0.000005,3233
0.000005,3236
0.000005,3247
0.000005,329
0.000005,3290
0.000005,3292
0.000005,3321
0.000005,3327
0.000005,3340
0.000005,3356
0.000005,3374
0.000005,3386
0.000005,3389
0.000005,3396
0.000005,3398
0.000005,3432
0.000005,3439
0.000005,3465
0.000005,3467
0.000005,3469
0.000005,3478
0.000005,3502
0.000005,3517
0.000005,3534
0.000005,3560
0.000005,3582
0.000005,3584
0.000005,3592
0.000005,3593
0.000005,3605
0.000005,3627
0.000005,3647
0.000005,3654
0.000005,3655
0.000005,3664
0.000005,3665
0.000005,3678
0.000005,3694
0.000005,3714
0.000005,3744
0.000005,3757
0.000005,3768
0.000005,3785
0.000005,3788
0.000005,3809
0.000005,3811
0.000005,3837
0.000005,3891
0.000005,3892
0.000005,3893
0.000005,3920
0.000005,3921
0.000005,3927
0.000005,3933
0.000005,3942
0.000005,3947
0.000005,3954
0.000005,3958
0.000005,3969
0.000005,3973
0.000005,3983
0.000005,400
0.000005,4009
0.000005,4017
0.000005,4072
0.000005,4118
0.000005,4125
0.000005,4127
0.000005,4140
0.000005,4145
0.000005,4208
0.000005,4210
0.000005,4214
0.000005,422
0.000005,4225
0.000005,4235
0.000005,4244
0.000005,4285
0.000005,4294
0.000005,4309
0.000005,4314
0.000005,4330
0.000005,4341
0.000005,4342
0.000005,4406
0.000005,4427
0.000005,4456
0.000005,4461
0.000005,4475
0.000005,4479
0.000005,4480
0.000005,4515
0.000005,4523
0.000005,455
0.000005,4552
0.000005,4556
0.000005,4563
0.000005,4594
0.000005,46
0.000005,4623
0.000005,4662
0.000005,4664
0.000005,4674
0.000005,4690
0.000005,4714
0.000005,4726
0.000005,4733
0.000005,4742
0.000005,4753
0.000005,4776
0.000005,4811
0.000005,4825
0.000005,4826
0.000005,4838
0.000005,4845
0.000005,4872
0.000005,4873
0.000005,4877
0.000005,4885
0.000005,4893
0.000005,4895
0.000005,4897
0.000005,4910
0.000005,4911
0.000005,4912
0.000005,4919
0.000005,4942
0.000005,4949
0.000005,4962
0.000005,4975
0.000005,4984
0.000005,4995
0.000005,5026
0.000005,503
0.000005,5040
0.000005,5041
0.000005,5042
0.000005,5046
0.000005,5055
0.000005,5070
0.000005,5082
0.000005,5083
0.000005,5084
0.000005,5088
0.000005,5120
0.000005,5139
0.000005,5152
0.000005,5198
0.000005,5204
0.000005,5206
0.000005,5214
0.000005,522
0.000005,5230
0.000005,5247
0.000005,5295
0.000005,5310
0.000005,5331
0.000005,5348
0.000005,5357
0.000005,5441
0.000005,5444
0.000005,5451
0.000005,5462
0.000005,5470
0.000005,5472
0.000005,5474
0.000005,5475
0.000005,5476
0.000005,5477
0.000005,5491
0.000005,556
0.000005,5598
0.000005,5626
0.000005,5649
0.000005,5681
0.000005,5693
0.000005,5743
0.000005,5755
0.000005,5844
0.000005,5860
0.000005,5892
0.000005,5925
0.000005,5944
0.000005,5965
0.000005,5971
0.000005,6020
0.000005,6090
0.000005,6120
0.000005,6145
0.000005,6146
0.000005,623
0.000005,6325
0.000005,6350
0.000005,6376
0.000005,647
0.000005,6488
0.000005,6550
0.000005,67
0.000005,674
0.000005,675
0.000005,6830
0.000005,739
0.000005,746
0.000005,750
0.000005,78
0.000005,8
0.000005,832
0.000005,989
0.000005,996
0.000006,1020
0.000006,1046
0.000006,1077
0.000006,1125
0.000006,1126
0.000006,1135
0.000006,1145
0.000006,1146
0.000006,1175
0.000006,1194
0.000006,1196
0.000006,1198
0.000006,1227
0.000006,1269
0.000006,1270
0.000006,1275
0.000006,1276
0.000006,1282
0.000006,1295
0.000006,1309
0.000006,1384
0.000006,1392
0.000006,1402
0.000006,141
0.000006,1459
0.000006,1463
0.000006,1465
0.000006,1473
0.000006,1475
0.000006,1478
0.000006,1486
0.000006,1502
0.000006,1505
0.000006,1515
0.000006,1516
0.000006,1537
0.000006,1566
0.000006,1582
0.000006,1585
0.000006,1595
0.000006,1639
0.000006,1660
0.000006,1694
0.000006,1695
0.000006,1721
0.000006,1722
0.000006,1725
0.000006,1728
0.000006,1757
0.000006,1765
0.000006,1784
0.000006,1786
0.000006,1854
0.000006,1875
0.000006,1909
0.000006,1959
0.000006,1973
0.000006,1992
0.000006,2021
0.000006,2058
0.000006,2109
0.000006,2171
0.000006,2259
0.000006,2273
0.000006,2341
0.000006,2371
0.000006,238
0.000006,2392
0.000006,2447
0.000006,247
0.000006,2472
0.000006,2477
0.000006,2495
0.000006,2496
0.000006,2509
0.000006,2538
0.000006,2539
0.000006,2615
0.000006,2660
0.000006,2673
0.000006,2681
0.000006,2685
0.000006,2697
0.000006,2703
0.000006,2720
0.000006,2741
0.000006,2746
0.000006,2752
0.000006,2762
0.000006,2775
0.000006,2797
0.000006,281
0.000006,2819
0.000006,2831
0.000006,2861
0.000006,2883
0.000006,2887
0.000006,2908
0.000006,2918
0.000006,2920
0.000006,2923
0.000006,2929
0.000006,294
0.000006,2980
0.000006,2996
0.000006,3005
0.000006,3008
0.000006,3012
0.000006,3027
0.000006,3061
0.000006,3068
0.000006,3081
0.000006,3096
0.000006,3101
0.000006,3102
0.000006,3107
0.000006,3113
0.000006,3171
0.000006,3173
0.000006,3213
0.000006,3219
0.000006,3221
0.000006,3267
0.000006,3274
0.000006,3282
0.000006,3304
0.000006,3307
0.000006,3314
0.000006,3324
0.000006,3373
0.000006,3390
0.000006,3443
0.000006,3445
0.000006,3446
0.000006,3452
0.000006,3458
0.000006,3466
0.000006,3479
0.000006,3525
0.000006,3530
0.000006,3533
0.000006,3546
0.000006,3562
0.000006,3569
0.000006,3575
0.000006,3587
0.000006,3610
0.000006,3646
0.000006,3658
0.000006,3677
0.000006,3697
0.000006,3713
0.000006,3730
0.000006,3736
0.000006,3752
0.000006,3755
0.000006,3758
0.000006,3797
0.000006,3801
0.000006,3815
0.000006,3819
0.000006,3838
0.000006,3841
0.000006,3860
0.000006,3861
0.000006,3874
0.000006,3903
0.000006,3946
0.000006,3968
0.000006,3981
0.000006,399
0.000006,4025
0.000006,4052
0.000006,4082
0.000006,412
0.000006,4122
0.000006,4181
0.000006,4192
0.000006,4211
0.000006,4231
0.000006,4272
0.000006,435
0.000006,4357
0.000006,4377
0.000006,4408
0.000006,4409
0.000006,4412
0.000006,4492
0.000006,4506
0.000006,4551
0.000006,4555
0.000006,4567
0.000006,4568
0.000006,4575
0.000006,4589
0.000006,459
0.000006,463
0.000006,4693
0.000006,478
0.000006,479
0.000006,480
0.000006,4813
0.000006,4855
0.000006,487
0.000006,491
0.000006,4929
0.000006,501
0.000006,5012
0.000006,5050
0.000006,5052
0.000006,5056
0.000006,506
0.000006,5222
0.000006,532
0.000006,5352
0.000006,5353
0.000006,5377
0.000006,5382
0.000006,5424
0.000006,5586
0.000006,560
0.000006,562
0.000006,5735
0.000006,5880
0.000006,5921
0.000006,5988
0.000006,614
0.000006,615
0.000006,624
0.000006,6275
0.000006,6487
0.000006,697
0.000006,737
0.000006,743
0.000006,747
0.000006,751
0.000006,776
0.000006,911
0.000006,949
0.000006,979
0.000007,1120
0.000007,113
0.000007,114
0.000007,1184
0.000007,1226
0.000007,1233
0.000007,1239
0.000007,1272
0.000007,1288
0.000007,1292
0.000007,1317
0.000007,1333
0.000007,1378
0.000007,1379
0.000007,1381
0.000007,1382
0.000007,1393
0.000007,1398
0.000007,1404
0.000007,1407
0.000007,1409
0.000007,1455
0.000007,1460
0.000007,1471
0.000007,1489
0.000007,1536
0.000007,158
0.000007,1659
0.000007,1724
0.000007,1727
0.000007,1783
0.000007,1813
0.000007,1821
0.000007,1874
0.000007,1881
0.000007,1984
0.000007,2034
0.000007,211
0.000007,2111
0.000007,2167
0.000007,2178
0.000007,2186
0.000007,2190
0.000007,2260
0.000007,2267
0.000007,2292
0.000007,2356
0.000007,2364
0.000007,2394
0.000007,2413
0.000007,2415
0.000007,2421
0.000007,2429
0.000007,2439
0.000007,2469
0.000007,2470
0.000007,2471
0.000007,2476
0.000007,2483
0.000007,2534
0.000007,254
0.000007,2548
0.000007,2554
0.000007,2555
0.000007,2567
0.000007,2595
0.000007,2609
0.000007,2622
0.000007,2672
0.000007,2675
0.000007,2698
0.000007,2719
0.000007,2751
0.000007,2764
0.000007,2776
0.000007,2785
0.000007,2867
0.000007,292
0.000007,2965
0.000007,2991
0.000007,2997
0.000007,2998
0.000007,3042
0.000007,3060
0.000007,3084
0.000007,3108
0.000007,3135
0.000007,3152
0.000007,3210
0.000007,3214
0.000007,3225
0.000007,3228
0.000007,3234
0.000007,3253
0.000007,3272
0.000007,328
0.000007,3289
0.000007,3291
0.000007,3309
0.000007,3312
0.000007,3326
0.000007,3359
0.000007,3435
0.000007,3438
0.000007,3462
0.000007,3470
0.000007,3480
0.000007,3540
0.000007,3556
0.000007,3576
0.000007,3580
0.000007,3597
0.000007,3611
0.000007,3618
0.000007,3626
0.000007,3641
0.000007,3667
0.000007,3686
0.000007,3715
0.000007,3798
0.000007,381
0.000007,3813
0.000007,3835
0.000007,3849
0.000007,3850
0.000007,3879
0.000007,392
0.000007,3962
0.000007,3990
0.000007,4038
0.000007,4044
0.000007,4068
0.000007,4105
0.000007,4106
0.000007,4191
0.000007,4205
0.000007,4254
0.000007,4283
0.000007,4380
0.000007,451
0.000007,4516
0.000007,4517
0.000007,4541
0.000007,4593
0.000007,4607
0.000007,4632
0.000007,4634
0.000007,4656
0.000007,468
0.000007,4727
0.000007,473
0.000007,4790
0.000007,4871
0.000007,4875
0.000007,4880
0.000007,4918
0.000007,4941
0.000007,5015
0.000007,5085
0.000007,5116
0.000007,5191
0.000007,5229
0.000007,5231
0.000007,5245
0.000007,5440
0.000007,5480
0.000007,5654
0.000007,571
0.000007,5766
0.000007,5891
0.000007,5905
0.000007,5912
0.000007,635
0.000007,6480
0.000007,6867
0.000007,753
0.000007,86
0.000007,936
0.000007,972
0.000007,982
0.000008,1050
0.000008,1053
0.000008,1138
0.000008,1140
0.000008,1232
0.000008,1234
0.000008,1245
0.000008,1254
0.000008,1286
0.000008,1304
0.000008,1315
0.000008,1348
0.000008,1357
0.000008,1366
0.000008,1387
0.000008,1390
0.000008,1408
0.000008,1413
0.000008,1480
0.000008,1507
0.000008,1534
0.000008,1557
0.000008,1565
0.000008,1644
0.000008,1657
0.000008,1667
0.000008,1715
0.000008,1726
0.000008,1732
0.000008,1733
0.000008,1892
0.000008,1914
0.000008,1966
0.000008,1968
0.000008,2015
0.000008,2050
0.000008,2101
0.000008,2142
0.000008,2165
0.000008,2192
0.000008,2194
0.000008,2203
0.000008,2285
0.000008,2288
0.000008,2298
0.000008,2301
0.000008,2302
0.000008,2306
0.000008,2312
0.000008,2335
0.000008,2348
0.000008,2349
0.000008,2395
0.000008,2425
0.000008,2427
0.000008,2453
0.000008,2529
0.000008,2536
0.000008,2537
0.000008,2566
0.000008,2568
0.000008,2576
0.000008,2585
0.000008,2651
0.000008,2678
0.000008,2705
0.000008,2711
0.000008,2712
0.000008,2716
0.000008,2794
0.000008,2849
0.000008,2939
0.000008,2941
0.000008,2992
0.000008,2993
0.000008,3037
0.000008,3040
0.000008,3048
0.000008,3065
0.000008,3086
0.000008,3156
0.000008,3177
0.000008,3207
0.000008,3242
0.000008,3305
0.000008,3325
0.000008,3392
0.000008,3393
0.000008,3436
0.000008,3463
0.000008,3564
0.000008,3567
0.000008,3723
0.000008,3776
0.000008,3948
0.000008,3956
0.000008,3967
0.000008,4005
0.000008,4026
0.000008,4103
0.000008,4121
0.000008,4124
0.000008,4216
0.000008,4252
0.000008,4270
0.000008,4279
0.000008,4287
0.000008,4307
0.000008,4353
0.000008,4360
0.000008,4423
0.000008,4466
0.000008,448
0.000008,4513
0.000008,4519
0.000008,4585
0.000008,460
0.000008,4657
0.000008,467
0.000008,4732
0.000008,4741
0.000008,4821
0.000008,4842
0.000008,4928
0.000008,505
0.000008,5102
0.000008,520
0.000008,5213
0.000008,5305
0.000008,54
0.000008,5646
0.000008,5751
0.000008,5890
0.000008,5920
0.000008,593
0.000008,678
0.000008,915
0.000008,945
0.000008,984
0.000008,985
0.000009,1041
0.000009,1094
0.000009,1142
0.000009,1230
0.000009,1248
0.000009,1283
0.000009,1285
0.000009,1298
0.000009,1380
0.000009,14
0.000009,1441
0.000009,1487
0.000009,1531
0.000009,1532
0.000009,1620
0.000009,168
0.000009,1734
0.000009,1833
0.000009,1853
0.000009,1886
0.000009,1913
0.000009,1952
0.000009,1983
0.000009,2025
0.000009,2070
0.000009,2133
0.000009,2169
0.000009,2308
0.000009,2314
0.000009,2387
0.000009,2445
0.000009,2510
0.000009,2516
0.000009,2526
0.000009,2547
0.000009,2557
0.000009,2569
0.000009,2648
0.000009,2725
0.000009,2730
0.000009,2740
0.000009,2869
0.000009,2874
0.000009,2890
0.000009,2966
0.000009,3028
0.000009,3038
0.000009,3211
0.000009,3269
0.000009,3303
0.000009,3320
0.000009,3388
0.000009,3394
0.000009,3420
0.000009,3453
0.000009,3489
0.000009,3596
0.000009,3602
0.000009,3623
0.000009,3633
0.000009,3668
0.000009,3779
0.000009,3833
0.000009,3856
0.000009,3859
0.000009,3864
0.000009,3917
0.000009,4020
0.000009,4193
0.000009,4213
0.000009,4347
0.000009,4395
0.000009,4474
0.000009,4514
0.000009,475
0.000009,4787
0.000009,4846
0.000009,493
0.000009,495
0.000009,5101
0.000009,5201
0.000009,5389
0.000009,66
0.000009,687
0.000009,769
0.000009,912
0.000009,932
0.000009,993
0.000010,1000
0.000010,1081
0.000010,1137
0.000010,1231
0.000010,1246
0.000010,1326
0.000010,1328
0.000010,1347
0.000010,1494
0.000010,1528
0.000010,1535
0.000010,1542
0.000010,1586
0.000010,1594
0.000010,1629
0.000010,1658
0.000010,1717
0.000010,1782
0.000010,1795
0.000010,1801
0.000010,1858
0.000010,1948
0.000010,1949
0.000010,2030
0.000010,2219
0.000010,2295
0.000010,2316
0.000010,2370
0.000010,2525
0.000010,2533
0.000010,2553
0.000010,2565
0.000010,2607
0.000010,2637
0.000010,2733
0.000010,2766
0.000010,2796
0.000010,2806
0.000010,2817
0.000010,282
0.000010,2830
0.000010,2842
0.000010,285
0.000010,2868
0.000010,3162
0.000010,3204
0.000010,3275
0.000010,33
0.000010,3330
0.000010,3383
0.000010,3402
0.000010,3405
0.000010,3427
0.000010,3448
0.000010,3565
0.000010,3725
0.000010,3740
0.000010,3812
0.000010,3863
0.000010,3916
0.000010,3961
0.000010,4107
0.000010,4119
0.000010,4204
0.000010,4250
0.000010,4379
0.000010,4748
0.000010,5340
0.000010,559
0.000010,723
0.000010,818
0.000010,863
0.000010,864
0.000010,866
0.000010,946
0.000011,1096
0.000011,1116
0.000011,1179
0.000011,1183
0.000011,1244
0.000011,1258
0.000011,1268
0.000011,1316
0.000011,1468
0.000011,1495
0.000011,1514
0.000011,1533
0.000011,155
0.000011,1631
0.000011,1702
0.000011,1740
0.000011,1848
0.000011,1863
0.000011,1867
0.000011,1893
0.000011,1900
0.000011,1928
0.000011,1930
0.000011,1993
0.000011,2032
0.000011,2040
0.000011,2076
0.000011,2080
0.000011,2195
0.000011,2200
0.000011,2250
0.000011,2254
0.000011,2271
0.000011,2272
0.000011,2274
0.000011,2275
0.000011,2344
0.000011,2357
0.000011,2473
0.000011,2611
0.000011,2627
0.000011,2632
0.000011,2680
0.000011,2718
0.000011,2732
0.000011,2744
0.000011,2829
0.000011,2848
0.000011,2915
0.000011,2930
0.000011,2976
0.000011,3151
0.000011,3323
0.000011,3412
0.000011,3416
0.000011,3424
0.000011,3428
0.000011,3461
0.000011,3492
0.000011,3493
0.000011,3526
0.000011,3548
0.000011,3555
0.000011,3720
0.000011,3830
0.000011,3963
0.000011,3966
0.000011,4023
0.000011,4055
0.000011,4201
0.000011,4203
0.000011,430
0.000011,4305
0.000011,4371
0.000011,4443
0.000011,4448
0.000011,4646
0.000011,4760
0.000011,5304
0.000011,5321
0.000011,5996
0.000011,652
0.000011,653
0.000011,654
0.000011,655
0.000011,656
0.000011,657
0.000011,658
0.000011,698
0.000011,727
0.000011,735
0.000011,749
0.000011,964
0.000011,970
0.000012,1005
0.000012,1043
0.000012,1044
0.000012,1047
0.000012,1064
0.000012,1087
0.000012,1088
0.000012,1101
0.000012,1148
0.000012,1220
0.000012,1284
0.000012,1451
0.000012,1490
0.000012,1530
0.000012,1723
0.000012,1759
0.000012,1760
0.000012,2139
0.000012,2156
0.000012,2196
0.000012,2467
0.000012,2481
0.000012,2582
0.000012,2598
0.000012,2676
0.000012,2749
0.000012,2750
0.000012,2801
0.000012,2931
0.000012,3015
0.000012,3161
0.000012,3198
0.000012,3238
0.000012,3260
0.000012,3311
0.000012,3413
0.000012,3417
0.000012,3472
0.000012,3515
0.000012,3566
0.000012,3710
0.000012,3753
0.000012,3756
0.000012,3766
0.000012,3840
0.000012,4013
0.000012,4202
0.000012,4206
0.000012,4253
0.000012,4366
0.000012,4512
0.000012,4520
0.000012,4862
0.000012,5036
0.000012,607
0.000012,728
0.000012,729
0.000012,756
0.000012,852
0.000012,862
0.000012,931
0.000012,933
0.000013,1051
0.000013,1056
0.000013,1073
0.000013,1110
0.000013,1141
0.000013,1185
0.000013,1225
0.000013,1303
0.000013,1356
0.000013,1370
0.000013,1406
0.000013,1434
0.000013,1755
0.000013,1818
0.000013,1819
0.000013,1835
0.000013,1891
0.000013,1944
0.000013,1991
0.000013,2085
0.000013,2105
0.000013,2110
0.000013,2231
0.000013,2247
0.000013,2276
0.000013,2284
0.000013,2309
0.000013,2386
0.000013,2410
0.000013,2518
0.000013,2544
0.000013,2606
0.000013,2765
0.000013,2833
0.000013,2860
0.000013,2893
0.000013,3080
0.000013,3306
0.000013,3404
0.000013,3464
0.000013,3552
0.000013,3553
0.000013,3704
0.000013,3810
0.000013,3972
0.000013,4090
0.000013,4340
0.000013,4385
0.000013,4511
0.000013,5322
0.000013,824
0.000013,906
0.000013,926
0.000013,927
0.000013,942
0.000013,95
0.000014,1054
0.000014,1059
0.000014,1080
0.000014,1084
0.000014,1166
0.000014,1241
0.000014,1388
0.000014,1497
0.000014,1651
0.000014,1896
0.000014,1933
0.000014,2004
0.000014,2052
0.000014,2282
0.000014,2368
0.000014,2414
0.000014,2507
0.000014,2508
0.000014,2671
0.000014,2679
0.000014,2828
0.000014,2858
0.000014,2916
0.000014,3007
0.000014,3246
0.000014,3262
0.000014,3270
0.000014,3369
0.000014,3403
0.000014,3477
0.000014,3491
0.000014,3579
0.000014,3693
0.000014,3931
0.000014,3987
0.000014,4001
0.000014,4282
0.000014,4422
0.000014,4510
0.000014,5228
0.000014,5652
0.000014,907
0.000014,913
0.000014,935
0.000014,963
0.000015,1026
0.000015,1048
0.000015,1106
0.000015,1249
0.000015,1279
0.000015,1425
0.000015,1625
0.000015,1731
0.000015,1806
0.000015,1864
0.000015,2005
0.000015,2093
0.000015,2137
0.000015,2168
0.000015,2244
0.000015,2426
0.000015,2451
0.000015,2486
0.000015,2570
0.000015,2608
0.000015,2717
0.000015,2779
0.000015,2781
0.000015,2961
0.000015,2983
0.000015,2988
0.000015,3046
0.000015,3281
0.000015,3339
0.000015,3401
0.000015,3418
0.000015,3761
0.000015,3777
0.000015,3945
0.000015,4251
0.000015,4364
0.000015,458
0.000015,4648
0.000015,4655
0.000015,4960
0.000015,754
0.000015,861
0.000015,923
0.000015,944
0.000016,1091
0.000016,1172
0.000016,1277
0.000016,1278
0.000016,1332
0.000016,1334
0.000016,1358
0.000016,1587
0.000016,1627
0.000016,1654
0.000016,1793
0.000016,1888
0.000016,1964
0.000016,1972
0.000016,1990
0.000016,1996
0.000016,2209
0.000016,2255
0.000016,2347
0.000016,2430
0.000016,2866
0.000016,3022
0.000016,3414
0.000016,3415
0.000016,3547
0.000016,4
0.000016,4601
0.000016,722
0.000016,859
0.000016,918
0.000016,940
0.000016,990
0.000017,1027
0.000017,1085
0.000017,1171
0.000017,1343
0.000017,1488
0.000017,1549
0.000017,1556
0.000017,1810
0.000017,1887
0.000017,1965
0.000017,1994
0.000017,1997
0.000017,2027
0.000017,2154
0.000017,2225
0.000017,2339
0.000017,2375
0.000017,2440
0.000017,2522
0.000017,2845
0.000017,2898
0.000017,3232
0.000017,3263
0.000017,3268
0.000017,3370
0.000017,3692
0.000017,4120
0.000017,823
0.000017,857
0.000017,948
0.000017,954
0.000018,1389
0.000018,1591
0.000018,1741
0.000018,1772
0.000018,1800
0.000018,1939
0.000018,1950
0.000018,2069
0.000018,2311
0.000018,2332
0.000018,2506
0.000018,2684
0.000018,2748
0.000018,2778
0.000018,2780
0.000018,2784
0.000018,3056
0.000018,3377
0.000018,3484
0.000018,3784
0.000018,4071
0.000018,4446
0.000018,4861
0.000018,802
0.000018,858
0.000018,860
0.000018,885
0.000018,957
0.000019,1162
0.000019,1164
0.000019,1255
0.000019,1417
0.000019,1426
0.000019,1444
0.000019,1781
0.000019,1894
0.000019,1951
0.000019,1982
0.000019,2358
0.000019,2437
0.000019,2573
0.000019,2747
0.000019,2818
0.000019,2974
0.000019,3118
0.000019,358
0.000019,4034
0.000019,4035
0.000019,956
0.000020,1102
0.000020,1176
0.000020,1452
0.000020,1995
0.000020,2014
0.000020,2198
0.000020,2362
0.000020,2663
0.000020,3174
0.000020,3344
0.000020,651
0.000020,736
0.000020,779
0.000020,781
0.000020,851
0.000020,865
0.000020,887
0.000020,941
0.000020,975
0.000020,980
0.000021,1016
0.000021,1040
0.000021,11
0.000021,1188
0.000021,1218
0.000021,1524
0.000021,1958
0.000021,1970
0.000021,2078
0.000021,2256
0.000021,2631
0.000021,2850
0.000021,3376
0.000021,346
0.000021,3630
0.000021,3971
0.000021,889
0.000021,916
0.000022,1075
0.000022,1104
0.000022,1351
0.000022,1484
0.000022,1663
0.000022,1962
0.000022,2138
0.000022,2330
0.000022,2374
0.000022,2393
0.000022,2560
0.000022,2574
0.000022,2743
0.000022,2753
0.000022,2914
0.000022,3034
0.000022,3212
0.000022,3279
0.000022,3588
0.000022,6
0.000022,726
0.000022,897
0.000023,1063
0.000023,110
0.000023,1253
0.000023,1271
0.000023,1479
0.000023,1577
0.000023,1730
0.000023,1971
0.000023,2094
0.000023,2236
0.000023,2365
0.000023,2575
0.000023,2597
0.000023,2710
0.000023,2827
0.000023,3041
0.000023,3066
0.000023,3447
0.000023,4447
0.000023,937
0.000024,1079
0.000024,109
0.000024,1158
0.000024,1736
0.000024,2018
0.000024,2268
0.000024,2572
0.000024,2617
0.000024,686
0.000024,856
0.000024,878
0.000025,10
0.000025,1070
0.000025,1436
0.000025,1590
0.000025,1650
0.000025,1778
0.000025,1790
0.000025,1901
0.000025,2022
0.000025,2661
0.000025,2727
0.000025,3095
0.000025,3851
0.000025,3985
0.000025,855
0.000025,97
0.000026,1293
0.000026,1294
0.000026,1652
0.000026,2183
0.000026,2634
0.000026,2978
0.000026,3406
0.000026,3748
0.000026,732
0.000026,925
0.000027,1119
0.000027,1847
0.000027,2130
0.000027,2233
0.000027,2571
0.000027,813
0.000027,976
0.000028,1229
0.000028,1353
0.000028,1601
0.000028,2144
0.000028,2202
0.000028,2222
0.000028,3551
0.000028,4033
0.000028,4291
0.000028,4302
0.000028,817
0.000028,867
0.000028,995
0.000029,1163
0.000029,1350
0.000029,1509
0.000029,1701
0.000029,2278
0.000029,2782
0.000029,2821
0.000029,3168
0.000029,418
0.000029,5143
0.000029,630
0.000030,1243
0.000030,2136
0.000030,2777
0.000030,3411
0.000030,3501
0.000030,4288
0.000030,5742
0.000030,799
0.000030,943
0.000030,998
0.000031,1031
0.000031,1202
0.000031,1242
0.000031,1352
0.000031,1603
0.000031,1866
0.000031,3932
0.000031,4879
0.000031,814
0.000032,1267
0.000032,1570
0.000032,20
0.000032,2001
0.000032,2181
0.000032,3023
0.000032,3490
0.000032,3852
0.000032,438
0.000032,4566
0.000033,107
0.000033,1072
0.000033,1089
0.000033,1154
0.000033,1344
0.000033,1435
0.000033,1584
0.000033,1600
0.000033,2313
0.000033,2315
0.000033,2863
0.000033,3688
0.000033,3711
0.000033,3978
0.000033,4346
0.000033,5246
0.000033,5280
0.000033,5378
0.000033,881
0.000033,908
0.000034,1002
0.000034,1055
0.000034,1274
0.000034,1597
0.000034,2253
0.000034,2334
0.000034,2418
0.000034,3265
0.000034,357
0.000034,713
0.000035,1134
0.000035,1209
0.000035,1485
0.000035,2060
0.000035,2865
0.000035,3035
0.000035,947
0.000036,1057
0.000036,1071
0.000036,1331
0.000036,1349
0.000036,1541
0.000036,1808
0.000036,2464
0.000036,2633
0.000036,4303
0.000036,895
0.000037,1105
0.000037,1483
0.000037,2184
0.000037,2385
0.000037,3454
0.000037,4271
0.000037,891
0.000038,1014
0.000038,1093
0.000038,1335
0.000038,3471
0.000038,870
0.000038,914
0.000038,921
0.000039,1131
0.000039,2581
0.000039,2960
0.000039,922
0.000040,1001
0.000040,1058
0.000040,1363
0.000040,1546
0.000040,1904
0.000040,2283
0.000041,1307
0.000041,1443
0.000041,1829
0.000041,1869
0.000041,1945
0.000041,2065
0.000041,2216
0.000041,3473
0.000041,905
0.000041,994
0.000042,1306
0.000042,1342
0.000042,1548
0.000042,2002
0.000042,2252
0.000042,3513
0.000042,892
0.000043,1449
0.000043,1636
0.000043,1777
0.000043,2326
0.000043,2463
0.000043,4844
0.000043,869
0.000043,930
0.000044,1011
0.000044,1662
0.000044,1828
0.000044,1981
0.000044,2003
0.000044,2211
0.000044,2215
0.000044,2629
0.000044,3315
0.000044,4306
0.000045,1032
0.000045,1144
0.000045,1150
0.000045,1195
0.000045,1237
0.000045,1345
0.000045,1704
0.000045,2212
0.000045,3775
0.000045,772
0.000045,938
0.000046,1190
0.000046,1641
0.000046,1885
0.000046,2412
0.000046,2535
0.000046,5234
0.000046,608
0.000047,1256
0.000047,1287
0.000047,1779
0.000047,3410
0.000047,4086
0.000047,4234
0.000047,801
0.000047,816
0.000048,1583
0.000048,2405
0.000048,2411
0.000048,3264
0.000048,4301
0.000048,953
0.000049,1033
0.000049,1264
0.000049,2403
0.000049,2462
0.000049,2630
0.000049,606
0.000049,850
0.000050,80
0.000051,1036
0.000051,1092
0.000051,1250
0.000051,1323
0.000051,2207
0.000051,2251
0.000051,2543
0.000051,2702
0.000051,2822
0.000051,597
0.000051,884
0.000051,893
0.000052,1160
0.000052,2408
0.000052,414
0.000052,896
0.000052,951
0.000053,1038
0.000053,2044
0.000053,977
0.000054,2404
0.000054,764
0.000055,1642
0.000055,958
0.000056,2277
0.000057,1327
0.000057,1832
0.000057,3280
0.000058,2459
0.000059,1174
0.000059,1508
0.000059,1890
0.000059,2028
0.000059,877
0.000060,1319
0.000060,2131
0.000060,3209
0.000060,830
0.000061,1280
0.000061,767
0.000061,987
0.000062,1111
0.000062,1447
0.000062,2068
0.000062,2132
0.000062,3036
0.000063,1550
0.000063,1918
0.000063,3032
0.000063,917
0.000064,1445
0.000064,2407
0.000064,3629
0.000065,2113
0.000066,1450
0.000066,1510
0.000066,2
0.000066,3550
0.000066,894
0.000066,950
0.000066,960
0.000067,1573
0.000067,1812
0.000067,1908
0.000067,3986
0.000067,765
0.000067,91
0.000067,928
0.000067,952
0.000068,1540
0.000069,1633
0.000069,919
0.000070,1831
0.000070,1884
0.000070,9
0.000070,920
0.000071,189
0.000071,2327
0.000071,2475
0.000071,868
0.000072,2328
0.000072,88
0.000073,2461
0.000073,929
0.000074,1766
0.000074,2223
0.000075,1170
0.000076,2474
0.000076,3031
0.000076,812
0.000077,1903
0.000077,2580
0.000077,565
0.000077,707
0.000077,708
0.000077,738
0.000078,1247
0.000078,1796
0.000079,1
0.000079,1338
0.000079,5226
0.000079,903
0.000080,3979
0.000081,1006
0.000081,973
0.000082,1906
0.000083,333
0.000083,385
0.000084,1108
0.000084,5
0.000085,1042
0.000085,1442
0.000086,1149
0.000087,3
0.000087,879
0.000087,983
0.000088,1522
0.000088,2049
0.000088,2210
0.000088,969
0.000089,1049
0.000090,805
0.000091,2616
0.000092,1115
0.000092,1446
0.000092,1466
0.000092,1519
0.000092,265
0.000093,1518
0.000093,819
0.000094,1547
0.000094,2047
0.000094,2373
0.000095,1630
0.000095,1737
0.000096,1907
0.000097,2141
0.000100,1114
0.000100,1448
0.000100,172
0.000100,2579
0.000100,815
0.000103,1010
0.000103,1305
0.000105,1215
0.000106,640
0.000107,2246
0.000108,1883
0.000108,811
0.000109,1023
0.000111,1771
0.000111,1827
0.000111,2279
0.000111,888
0.000111,974
0.000112,2396
0.000113,1098
0.000113,2578
0.000114,1009
0.000115,683
0.000116,1738
0.000116,347
0.000116,388
0.000116,429
0.000117,1424
0.000119,139
0.000119,318
0.000120,137
0.000121,1341
0.000122,441
0.000122,530
0.000123,1750
0.000123,360
0.000123,407
0.000125,1902
0.000125,691
0.000128,2409
0.000128,780
0.000129,783
0.000131,1602
0.000132,1060
0.000132,171
0.000132,1889
0.000133,1212
0.000133,1905
0.000133,759
0.000133,810
0.000135,741
0.000139,2460
0.000141,1113
0.000141,2048
0.000142,1095
0.000142,934
0.000145,988
0.000147,1422
0.000147,2046
0.000147,854
0.000149,1045
0.000150,454
0.000155,1825
0.000157,2234
0.000158,2406
0.000158,3261
0.000159,1421
0.000159,62
0.000160,165
0.000161,1661
0.000161,2402
0.000165,123
0.000167,2205
0.000167,904
0.000168,2104
0.000168,827
0.000171,734
0.000174,959
0.000175,1109
0.000176,1156
0.000178,1423
0.000179,1028
0.000180,1311
0.000189,31
0.000191,323
0.000191,740
0.000193,882
0.000194,1191
0.000195,1112
0.000195,1310
0.000197,2045
0.000199,966
0.000202,1543
0.000205,788
0.000210,955
0.000211,883
0.000213,1826
0.000213,354
0.000215,2401
0.000217,542
0.000220,7
0.000226,1067
0.000226,1155
0.000230,348
0.000241,680
0.000244,264
0.000250,1521
0.000254,1021
0.000257,1123
0.000269,1213
0.000275,1340
0.000285,1024
0.000286,1065
0.000287,742
0.000297,1035
0.000299,1066
0.000299,2434
0.000305,1122
0.000312,1157
0.000323,5741
0.000323,826
0.000353,1034
0.000363,2026
0.000368,733
0.000379,1022
0.000412,1052
0.000418,1700
0.000442,561
0.000464,524
0.000489,821
0.000499,1186
0.000506,761
0.000535,768
0.000581,795
0.000693,796
0.000863,793
0.000907,777
0.000925,792
0.000926,778
0.000942,790
0.000970,1321
0.001016,1320
0.001334,822
0.001749,760
0.001844,2119
0.001901,762
0.002890,791
